PLANT_INFO_SimulationTime:low,PLANT_INFO_VC:low,PLANT_INFO_Mode:low,CTRL_INFO_ModeSetting:low,PLANT_INFO_SimulationTime:high,PLANT_INFO_VC:high,PLANT_INFO_Mode:high,CTRL_INFO_ModeSetting:high
0,576,0,0,0,1107,0,0
0,576,0,0,1,1107,0,0
0,577,0,0,2,1107,0,0
0,577,0,0,3,1108,0,0
0,578,0,0,4,1108,0,0
0,579,0,0,5,1109,0,0
0,579,0,0,6,1109,0,0
0,580,0,0,6,1109,0,0
0,581,0,0,8,1110,0,0
0,581,0,0,9,1110,0,0
0,582,0,0,10,1111,0,0
0,583,0,0,11,1111,0,0
0,583,0,0,12,1112,0,0
0,584,0,0,13,1112,0,0
0,585,0,0,14,1112,0,0
0,585,0,0,15,1113,0,0
0,586,0,0,16,1113,0,0
0,587,0,0,17,1114,0,0
0,587,0,0,18,1114,0,0
0,588,0,0,19,1115,0,0
0,589,0,0,20,1115,0,0
0,589,0,0,21,1116,0,0
0,590,0,0,22,1116,0,0
0,591,0,0,23,1116,0,0
0,591,0,0,24,1117,0,0
0,592,0,0,25,1117,0,0
0,593,0,0,26,1118,0,0
0,593,0,0,27,1118,0,0
0,594,0,0,28,1119,0,0
0,594,0,0,29,1119,0,0
0,595,0,0,30,1119,0,0
0,596,0,0,31,1120,0,0
0,596,0,0,32,1120,0,0
0,597,0,0,33,1121,0,0
0,598,0,0,34,1121,0,0
0,598,0,0,35,1122,0,0
0,599,0,0,36,1122,0,0
0,600,0,0,37,1123,0,0
0,600,0,0,38,1123,0,0
0,601,0,0,39,1123,0,0
0,601,0,0,40,1124,0,0
0,602,0,0,41,1124,0,0
0,603,0,0,42,1125,0,0
0,603,0,0,43,1125,0,0
0,604,0,0,44,1126,0,0
0,605,0,0,45,1126,0,0
0,605,0,0,46,1127,0,0
0,606,0,0,47,1127,0,0
0,607,0,0,48,1127,0,0
0,607,0,0,49,1128,0,0
0,608,0,0,50,1128,0,0
0,608,0,0,51,1129,0,0
0,609,0,0,52,1129,0,0
0,610,0,0,53,1130,0,0
0,610,0,0,54,1130,0,0
0,611,0,0,55,1131,0,0
0,612,0,0,56,1131,0,0
0,612,0,0,57,1131,0,0
0,613,0,0,58,1132,0,0
0,613,0,0,59,1132,0,0
0,614,0,0,60,1133,0,0
0,615,0,0,61,1133,0,0
0,615,0,0,62,1134,0,0
0,616,0,0,63,1134,0,0
0,617,0,0,64,1135,0,0
0,617,0,0,65,1135,0,0
0,618,0,0,66,1136,0,0
0,618,0,0,67,1136,0,0
0,619,0,0,68,1137,0,0
0,620,0,0,69,1137,0,0
0,620,0,0,70,1137,0,0
0,621,0,0,71,1138,0,0
0,621,0,0,72,1138,0,0
0,622,0,0,73,1139,0,0
0,623,0,0,74,1139,0,0
0,623,0,0,75,1140,0,0
0,624,0,0,76,1140,0,0
0,625,0,0,77,1141,0,0
0,625,0,0,78,1141,0,0
0,626,0,0,79,1142,0,0
0,626,0,0,80,1142,0,0
0,627,0,0,81,1143,0,0
0,628,0,0,82,1143,0,0
0,628,0,0,83,1143,0,0
0,629,0,0,84,1144,0,0
0,629,0,0,85,1144,0,0
0,630,0,0,86,1145,0,0
0,631,0,0,87,1145,0,0
0,631,0,0,88,1146,0,0
0,632,0,0,89,1146,0,0
0,632,0,0,90,1147,0,0
0,633,0,0,91,1147,0,0
0,634,0,0,92,1148,0,0
0,634,0,0,93,1148,0,0
0,635,0,0,94,1149,0,0
0,635,0,0,95,1149,0,0
0,636,0,0,96,1150,0,0
0,637,0,0,97,1150,0,0
0,637,0,0,98,1151,0,0
0,638,0,0,99,1151,0,0
0,638,0,0,100,1151,0,0
0,639,0,0,101,1152,0,0
0,640,0,0,102,1152,0,0
0,640,0,0,103,1153,0,0
0,641,0,0,104,1153,0,0
0,641,0,0,105,1154,0,0
0,642,0,0,106,1154,0,0
0,643,0,0,107,1155,0,0
0,643,0,0,108,1155,0,0
0,644,0,0,109,1156,0,0
0,644,0,0,110,1156,0,0
0,645,0,0,111,1157,0,0
0,646,0,0,112,1157,0,0
0,646,0,0,113,1158,0,0
0,647,0,0,114,1158,0,0
0,647,0,0,115,1159,0,0
0,648,0,0,116,1159,0,0
0,648,0,0,117,1160,0,0
0,649,0,0,118,1160,0,0
0,650,0,0,119,1161,0,0
0,650,0,0,120,1161,0,0
0,651,0,0,121,1162,0,0
0,651,0,0,122,1162,0,0
0,652,0,0,123,1163,0,0
0,652,0,0,124,1163,0,0
0,653,0,0,125,1164,0,0
0,654,0,0,126,1164,0,0
0,654,0,0,127,1165,0,0
0,655,0,0,128,1165,0,0
0,655,0,0,129,1165,0,0
0,656,0,0,129,1166,0,0
0,657,0,0,130,1166,0,0
0,657,0,0,131,1167,0,0
0,658,0,0,132,1167,0,0
0,658,0,0,133,1168,0,0
0,659,0,0,134,1168,0,0
0,659,0,0,135,1169,0,0
0,660,0,0,136,1169,0,0
0,661,0,0,137,1170,0,0
0,661,0,0,138,1170,0,0
0,662,0,0,139,1171,0,0
0,662,0,0,140,1171,0,0
0,663,0,0,141,1172,0,0
0,663,0,0,142,1172,0,0
0,664,0,0,143,1173,0,0
0,665,0,0,144,1173,0,0
0,665,0,0,145,1174,0,0
0,666,0,0,146,1174,0,0
0,666,0,0,147,1175,0,0
0,667,0,0,148,1175,0,0
0,667,0,0,149,1176,0,0
0,668,0,0,150,1176,0,0
0,668,0,0,151,1177,0,0
0,669,0,0,152,1177,0,0
0,670,0,0,153,1178,0,0
0,670,0,0,154,1178,0,0
0,671,0,0,155,1179,0,0
0,671,0,0,156,1179,0,0
0,672,0,0,157,1180,0,0
0,672,0,0,158,1180,0,0
0,673,0,0,159,1181,0,0
0,673,0,0,160,1181,0,0
0,674,0,0,161,1182,0,0
0,675,0,0,162,1182,0,0
0,675,0,0,163,1183,0,0
0,676,0,0,164,1183,0,0
0,676,0,0,165,1184,0,0
0,677,0,0,166,1184,0,0
0,677,0,0,167,1185,0,0
0,678,0,0,168,1185,0,0
0,678,0,0,169,1186,0,0
0,679,0,0,170,1186,0,0
0,679,0,0,171,1187,0,0
0,680,0,0,172,1188,0,0
0,681,0,0,173,1188,0,0
0,681,0,0,174,1189,0,0
0,682,0,0,175,1189,0,0
0,682,0,0,176,1190,0,0
0,683,0,0,177,1190,0,0
0,683,0,0,178,1191,0,0
0,684,0,0,179,1191,0,0
0,684,0,0,180,1192,0,0
0,685,0,0,181,1192,0,0
0,685,0,0,182,1193,0,0
0,686,0,0,183,1193,0,0
0,687,0,0,184,1194,0,0
0,687,0,0,185,1194,0,0
0,688,0,0,186,1195,0,0
0,688,0,0,187,1195,0,0
0,689,0,0,188,1196,0,0
0,689,0,0,189,1196,0,0
0,690,0,0,190,1197,0,0
0,690,0,0,191,1197,0,0
0,691,0,0,192,1198,0,0
0,691,0,0,193,1198,0,0
0,692,0,0,194,1199,0,0
0,692,0,0,195,1199,0,0
0,693,0,0,196,1200,0,0
0,693,0,0,197,1200,0,0
0,694,0,0,198,1201,0,0
0,695,0,0,199,1201,0,0
0,695,0,0,200,1202,0,0
0,696,0,0,201,1202,0,0
0,696,0,0,202,1203,0,0
0,697,0,0,203,1204,0,0
0,697,0,0,204,1204,0,0
0,698,0,0,205,1205,0,0
0,698,0,0,206,1205,0,0
0,699,0,0,207,1206,0,0
0,699,0,0,208,1206,0,0
0,700,0,0,209,1207,0,0
0,700,0,0,210,1207,0,0
0,701,0,0,211,1208,0,0
0,701,0,0,212,1208,0,0
0,702,0,0,213,1209,0,0
0,702,0,0,214,1209,0,0
0,703,0,0,215,1210,0,0
0,703,0,0,216,1210,0,0
0,704,0,0,217,1211,0,0
0,704,0,0,218,1211,0,0
0,705,0,0,219,1212,0,0
0,705,0,0,220,1213,0,0
0,706,0,0,221,1213,0,0
0,706,0,0,222,1214,0,0
0,707,0,0,223,1214,0,0
0,707,0,0,224,1215,0,0
0,708,0,0,225,1215,0,0
0,708,0,0,226,1216,0,0
0,709,0,0,227,1216,0,0
0,710,0,0,228,1217,0,0
0,710,0,0,229,1217,0,0
0,711,0,0,230,1218,0,0
0,711,0,0,231,1218,0,0
0,712,0,0,232,1219,0,0
0,712,0,0,233,1219,0,0
0,713,0,0,234,1220,0,0
0,713,0,0,235,1221,0,0
0,714,0,0,236,1221,0,0
0,714,0,0,237,1222,0,0
0,715,0,0,238,1222,0,0
0,715,0,0,239,1223,0,0
0,716,0,0,240,1223,0,0
0,716,0,0,241,1224,0,0
0,717,0,0,242,1224,0,0
0,717,0,0,243,1225,0,0
0,718,0,0,244,1225,0,0
0,718,0,0,245,1226,0,0
0,719,0,0,246,1226,0,0
0,719,0,0,247,1227,0,0
0,720,0,0,248,1228,0,0
0,720,0,0,249,1228,0,0
0,720,0,0,250,1229,0,0
0,721,0,0,251,1229,0,0
0,721,0,0,252,1230,0,0
0,722,0,0,253,1230,0,0
0,722,0,0,254,1231,0,0
0,723,0,0,255,1231,0,0
0,723,0,0,256,1232,0,0
0,724,0,0,257,1232,0,0
0,724,0,0,258,1233,0,0
0,725,0,0,259,1234,0,0
0,725,0,0,260,1234,0,0
0,726,0,0,261,1235,0,0
0,726,0,0,262,1235,0,0
0,727,0,0,263,1236,0,0
0,727,0,0,264,1236,0,0
0,728,0,0,265,1237,0,0
0,728,0,0,266,1237,0,0
0,729,0,0,267,1238,0,0
0,729,0,0,268,1238,0,0
0,730,0,0,269,1239,0,0
0,730,0,0,270,1240,0,0
0,731,0,0,271,1240,0,0
0,731,0,0,272,1241,0,0
0,732,0,0,273,1241,0,0
0,732,0,0,274,1242,0,0
0,733,0,0,275,1242,0,0
0,733,0,0,276,1243,0,0
0,734,0,0,277,1243,0,0
0,734,0,0,278,1244,0,0
0,734,0,0,279,1245,0,0
0,735,0,0,280,1245,0,0
0,735,0,0,281,1246,0,0
0,736,0,0,282,1246,0,0
0,736,0,0,283,1247,0,0
0,737,0,0,284,1247,0,0
0,737,0,0,285,1248,0,0
0,738,0,0,286,1248,0,0
0,738,0,0,287,1249,0,0
0,739,0,0,288,1250,0,0
0,739,0,0,289,1250,0,0
0,740,0,0,290,1251,0,0
0,740,0,0,291,1251,0,0
0,741,0,0,292,1252,0,0
0,741,0,0,293,1252,0,0
0,741,0,0,294,1253,0,0
0,742,0,0,295,1253,0,0
0,742,0,0,296,1254,0,0
0,743,0,0,297,1255,0,0
0,743,0,0,298,1255,0,0
0,744,0,0,299,1256,0,0
0,744,0,0,300,1256,0,0
0,745,0,0,301,1257,0,0
0,745,0,0,302,1257,0,0
0,746,0,0,303,1258,0,0
0,746,0,0,304,1259,0,0
0,747,0,0,305,1259,0,0
0,747,0,0,306,1260,0,0
0,747,0,0,307,1260,0,0
0,748,0,0,308,1261,0,0
0,748,0,0,309,1261,0,0
0,749,0,0,310,1262,0,0
0,749,0,0,311,1263,0,0
0,750,0,0,312,1263,0,0
0,750,0,0,313,1264,0,0
0,751,0,0,314,1264,0,0
0,751,0,0,315,1265,0,0
0,752,0,0,316,1265,0,0
0,752,0,0,317,1266,0,0
0,752,0,0,318,1266,0,0
0,753,0,0,319,1267,0,0
0,753,0,0,320,1268,0,0
0,754,0,0,321,1268,0,0
0,754,0,0,322,1269,0,0
0,755,0,0,323,1269,0,0
0,755,0,0,324,1270,0,0
0,756,0,0,325,1270,0,0
0,756,0,0,326,1271,0,0
0,756,0,0,327,1272,0,0
0,757,0,0,328,1272,0,0
0,757,0,0,329,1273,0,0
0,758,0,0,330,1273,0,0
0,758,0,0,331,1274,0,0
0,759,0,0,332,1274,0,0
0,759,0,0,333,1275,0,0
0,759,0,0,334,1276,0,0
0,760,0,0,335,1276,0,0
0,760,0,0,336,1277,0,0
0,761,0,0,337,1277,0,0
0,761,0,0,338,1278,0,0
0,762,0,0,339,1279,0,0
0,762,0,0,340,1279,0,0
0,762,0,0,341,1280,0,0
0,763,0,0,342,1280,0,0
0,763,0,0,343,1281,0,0
0,764,0,0,344,1281,0,0
0,764,0,0,345,1282,0,0
0,765,0,0,346,1283,0,0
0,765,0,0,347,1283,0,0
0,765,0,0,348,1284,0,0
0,766,0,0,350,1284,0,0
0,766,0,0,351,1285,0,0
0,767,0,0,352,1285,0,0
0,767,0,0,353,1286,0,0
0,768,0,0,354,1287,0,0
0,768,0,0,355,1287,0,0
0,768,0,0,356,1288,0,0
0,769,0,0,357,1288,0,0
0,769,0,0,358,1289,0,0
0,770,0,0,359,1290,0,0
0,770,0,0,360,1290,0,0
0,771,0,0,361,1291,0,0
0,771,0,0,362,1291,0,0
0,771,0,0,363,1292,0,0
0,772,0,0,364,1292,0,0
0,772,0,0,365,1293,0,0
0,773,0,0,366,1294,0,0
0,773,0,0,367,1294,0,0
0,773,0,0,368,1295,0,0
0,774,0,0,369,1295,0,0
0,774,0,0,370,1296,0,0
0,775,0,0,371,1297,0,0
0,775,0,0,372,1297,0,0
0,776,0,0,373,1298,0,0
0,776,0,0,374,1298,0,0
0,776,0,0,375,1299,0,0
0,777,0,0,376,1299,0,0
0,777,0,0,377,1300,0,0
0,778,0,0,378,1301,0,0
0,778,0,0,379,1301,0,0
0,778,0,0,380,1302,0,0
0,779,0,0,381,1302,0,0
0,779,0,0,382,1303,0,0
0,780,0,0,383,1304,0,0
0,780,0,0,384,1304,0,0
0,780,0,0,385,1305,0,0
0,781,0,0,386,1305,0,0
0,781,0,0,387,1306,0,0
0,782,0,0,388,1307,0,0
0,782,0,0,389,1307,0,0
0,782,0,0,390,1308,0,0
0,783,0,0,391,1308,0,0
0,783,0,0,392,1309,0,0
0,784,0,0,393,1310,0,0
0,784,0,0,394,1310,0,0
0,784,0,0,395,1311,0,0
0,785,0,0,396,1311,0,0
0,785,0,0,397,1312,0,0
0,786,0,0,398,1312,0,0
0,786,0,0,399,1313,0,0
0,786,0,0,400,1314,0,0
0,787,0,0,401,1314,0,0
0,787,0,0,402,1315,0,0
0,788,0,0,403,1315,0,0
0,788,0,0,404,1316,0,0
0,788,0,0,405,1317,0,0
0,789,0,0,406,1317,0,0
0,789,0,0,407,1318,0,0
0,789,0,0,408,1318,0,0
0,790,0,0,409,1319,0,0
0,790,0,0,410,1320,0,0
0,791,0,0,411,1320,0,0
0,791,0,0,412,1321,0,0
0,791,0,0,413,1321,0,0
0,792,0,0,414,1322,0,0
0,792,0,0,415,1323,0,0
0,793,0,0,416,1323,0,0
0,793,0,0,417,1324,0,0
0,793,0,0,418,1324,0,0
0,794,0,0,419,1325,0,0
0,794,0,0,420,1326,0,0
0,794,0,0,421,1326,0,0
0,795,0,0,422,1327,0,0
0,795,0,0,423,1327,0,0
0,796,0,0,424,1328,0,0
0,796,0,0,425,1329,0,0
0,796,0,0,426,1329,0,0
0,797,0,0,427,1330,0,0
0,797,0,0,428,1330,0,0
0,797,0,0,429,1331,0,0
0,798,0,0,430,1332,0,0
0,798,0,0,431,1332,0,0
0,799,0,0,432,1333,0,0
0,799,0,0,433,1334,0,0
0,799,0,0,434,1334,0,0
0,800,0,0,435,1335,0,0
0,800,0,0,436,1335,0,0
0,800,0,0,437,1336,0,0
0,801,0,0,438,1337,0,0
0,801,0,0,439,1337,0,0
0,802,0,0,440,1338,0,0
0,802,0,0,441,1338,0,0
0,802,0,0,442,1339,0,0
0,803,0,0,443,1340,0,0
0,803,0,0,444,1340,0,0
0,803,0,0,445,1341,0,0
0,804,0,0,446,1341,0,0
0,804,0,0,447,1342,0,0
0,804,0,0,448,1343,0,0
0,805,0,0,449,1343,0,0
0,805,0,0,450,1344,0,0
0,806,0,0,451,1344,0,0
0,806,0,0,452,1345,0,0
0,806,0,0,453,1346,0,0
0,807,0,0,454,1346,0,0
0,807,0,0,455,1347,0,0
0,807,0,0,456,1347,0,0
0,808,0,0,457,1348,0,0
0,808,0,0,458,1349,0,0
0,808,0,0,459,1349,0,0
0,809,0,0,460,1350,0,0
0,809,0,0,461,1351,0,0
0,809,0,0,462,1351,0,0
0,810,0,0,463,1352,0,0
0,810,0,0,464,1352,0,0
0,810,0,0,465,1353,0,0
0,811,0,0,466,1354,0,0
0,811,0,0,467,1354,0,0
0,812,0,0,468,1355,0,0
0,812,0,0,469,1355,0,0
0,812,0,0,470,1356,0,0
0,813,0,0,471,1357,0,0
0,813,0,0,472,1357,0,0
0,813,0,0,473,1358,0,0
0,814,0,0,474,1359,0,0
0,814,0,0,475,1359,0,0
0,814,0,0,476,1360,0,0
0,815,0,0,477,1360,0,0
0,815,0,0,478,1361,0,0
0,815,0,0,479,1362,0,0
0,816,0,0,480,1362,0,0
0,816,0,0,481,1363,0,0
0,816,0,0,482,1363,0,0
0,817,0,0,483,1364,0,0
0,817,0,0,484,1365,0,0
0,817,0,0,485,1365,0,0
0,818,0,0,486,1366,0,0
0,818,0,0,487,1367,0,0
0,818,0,0,488,1367,0,0
0,819,0,0,489,1368,0,0
0,819,0,0,490,1368,0,0
0,819,0,0,491,1369,0,0
0,820,0,0,492,1370,0,0
0,820,0,0,493,1370,0,0
0,820,0,0,494,1371,0,0
0,821,0,0,495,1372,0,0
0,821,0,0,496,1372,0,0
0,821,0,0,497,1373,0,0
0,822,0,0,498,1373,0,0
0,822,0,0,499,1374,0,0
0,822,0,0,500,1375,0,0
0,823,0,0,501,1375,0,0
0,823,0,0,502,1376,0,0
0,823,0,0,503,1377,0,0
0,824,0,0,504,1377,0,0
0,824,0,0,505,1378,0,0
0,824,0,0,506,1378,0,0
0,825,0,0,507,1379,0,0
0,825,0,0,508,1380,0,0
0,825,0,0,509,1380,0,0
0,826,0,0,510,1381,0,0
0,826,0,0,511,1382,0,0
0,826,0,0,512,1382,0,0
0,826,0,0,513,1383,0,0
0,827,0,0,514,1383,0,0
0,827,0,0,515,1384,0,0
0,827,0,0,516,1385,0,0
0,828,0,0,517,1385,0,0
0,828,0,0,518,1386,0,0
0,828,0,0,519,1387,0,0
0,829,0,0,520,1387,0,0
0,829,0,0,521,1388,0,0
0,829,0,0,522,1388,0,0
0,830,0,0,523,1389,0,0
0,830,0,0,524,1390,0,0
0,830,0,0,525,1390,0,0
0,831,0,0,526,1391,0,0
0,831,0,0,527,1392,0,0
0,831,0,0,528,1392,0,0
0,831,0,0,529,1393,0,0
0,832,0,0,530,1393,0,0
0,832,0,0,531,1394,0,0
0,832,0,0,532,1395,0,0
0,833,0,0,533,1395,0,0
0,833,0,0,534,1396,0,0
0,833,0,0,535,1397,0,0
0,834,0,0,536,1397,0,0
0,834,0,0,537,1398,0,0
0,834,0,0,538,1399,0,0
0,835,0,0,539,1399,0,0
0,835,0,0,540,1400,0,0
0,835,0,0,541,1400,0,0
0,835,0,0,542,1401,0,0
0,836,0,0,543,1402,0,0
0,836,0,0,544,1402,0,0
0,836,0,0,545,1403,0,0
0,837,0,0,546,1404,0,0
0,837,0,0,547,1404,0,0
0,837,0,0,548,1405,0,0
0,838,0,0,549,1405,0,0
0,838,0,0,550,1406,0,0
0,838,0,0,551,1407,0,0
0,838,0,0,552,1407,0,0
0,839,0,0,553,1408,0,0
0,839,0,0,554,1409,0,0
0,839,0,0,555,1409,0,0
0,840,0,0,556,1410,0,0
0,840,0,0,557,1411,0,0
0,840,0,0,558,1411,0,0
0,840,0,0,559,1412,0,0
0,841,0,0,560,1412,0,0
0,841,0,0,561,1413,0,0
0,841,0,0,562,1414,0,0
0,842,0,0,563,1414,0,0
0,842,0,0,564,1415,0,0
0,842,0,0,565,1416,0,0
0,842,0,0,566,1416,0,0
0,843,0,0,567,1417,0,0
0,843,0,0,568,1418,0,0
0,843,0,0,569,1418,0,0
0,844,0,0,570,1419,0,0
0,844,0,0,571,1419,0,0
0,844,0,0,572,1420,0,0
0,844,0,0,573,1421,0,0
0,845,0,0,574,1421,0,0
0,845,0,0,575,1422,0,0
0,845,0,0,576,1423,0,0
0,846,0,0,577,1423,0,0
0,846,0,0,578,1424,0,0
0,846,0,0,579,1425,0,0
0,846,0,0,580,1425,0,0
0,847,0,0,581,1426,0,0
0,847,0,0,582,1426,0,0
0,847,0,0,583,1427,0,0
0,847,0,0,584,1428,0,0
0,848,0,0,585,1428,0,0
0,848,0,0,586,1429,0,0
0,848,0,0,587,1430,0,0
0,849,0,0,588,1430,0,0
0,849,0,0,589,1431,0,0
0,849,0,0,590,1432,0,0
0,849,0,0,591,1432,0,0
0,850,0,0,592,1433,0,0
0,850,0,0,593,1434,0,0
0,850,0,0,594,1434,0,0
0,850,0,0,595,1435,0,0
0,851,0,0,596,1435,0,0
0,851,0,0,597,1436,0,0
0,851,0,0,598,1437,0,0
0,851,0,0,599,1437,0,0
0,852,0,0,600,1438,0,0
0,852,0,0,601,1439,0,0
0,852,0,0,602,1439,0,0
0,853,0,0,603,1440,0,0
0,853,0,0,604,1441,0,0
0,853,0,0,605,1441,0,0
0,853,0,0,606,1442,0,0
0,854,0,0,607,1443,0,0
0,854,0,0,608,1443,0,0
0,854,0,0,609,1444,0,0
0,854,0,0,610,1445,0,0
0,855,0,0,611,1445,0,0
0,855,0,0,612,1446,0,0
0,855,0,0,613,1446,0,0
0,855,0,0,614,1447,0,0
0,856,0,0,615,1448,0,0
0,856,0,0,616,1448,0,0
0,856,0,0,617,1449,0,0
0,856,0,0,618,1450,0,0
0,857,0,0,619,1450,0,0
0,857,0,0,620,1451,0,0
0,857,0,0,621,1452,0,0
0,857,0,0,622,1452,0,0
0,858,0,0,623,1453,0,0
0,858,0,0,624,1454,0,0
0,858,0,0,625,1454,0,0
0,858,0,0,626,1455,0,0
0,859,0,0,627,1456,0,0
0,859,0,0,628,1456,0,0
0,859,0,0,629,1457,0,0
0,859,0,0,630,1457,0,0
0,860,0,0,631,1458,0,0
0,860,0,0,632,1459,0,0
0,860,0,0,633,1459,0,0
0,860,0,0,634,1460,0,0
0,861,0,0,635,1461,0,0
0,861,0,0,636,1461,0,0
0,861,0,0,637,1462,0,0
0,861,0,0,638,1463,0,0
0,862,0,0,639,1463,0,0
0,862,0,0,640,1464,0,0
0,862,0,0,641,1465,0,0
0,862,0,0,642,1465,0,0
0,862,0,0,643,1466,0,0
0,863,0,0,644,1467,0,0
0,863,0,0,645,1467,0,0
0,863,0,0,646,1468,0,0
0,863,0,0,647,1469,0,0
0,864,0,0,648,1469,0,0
0,864,0,0,649,1470,0,0
0,864,0,0,650,1470,0,0
0,864,0,0,651,1471,0,0
0,865,0,0,652,1472,0,0
0,865,0,0,653,1472,0,0
0,865,0,0,654,1473,0,0
0,865,0,0,655,1474,0,0
0,865,0,0,656,1474,0,0
0,866,0,0,657,1475,0,0
0,866,0,0,658,1476,0,0
0,866,0,0,659,1476,0,0
0,866,0,0,660,1477,0,0
0,867,0,0,661,1478,0,0
0,867,0,0,662,1478,0,0
0,867,0,0,663,1479,0,0
0,867,0,0,664,1480,0,0
0,868,0,0,665,1480,0,0
0,868,0,0,666,1481,0,0
0,868,0,0,667,1482,0,0
0,868,0,0,668,1482,0,0
0,868,0,0,669,1483,0,0
0,869,0,0,670,1484,0,0
0,869,0,0,671,1484,0,0
0,869,0,0,672,1485,0,0
0,869,0,0,673,1486,0,0
0,869,0,0,674,1486,0,0
0,870,0,0,675,1487,0,0
0,870,0,0,676,1487,0,0
0,870,0,0,677,1488,0,0
0,870,0,0,678,1489,0,0
0,871,0,0,679,1489,0,0
0,871,0,0,680,1490,0,0
0,871,0,0,681,1491,0,0
0,871,0,0,682,1491,0,0
0,871,0,0,683,1492,0,0
0,872,0,0,684,1493,0,0
0,872,0,0,685,1493,0,0
0,872,0,0,686,1494,0,0
0,872,0,0,687,1495,0,0
0,872,0,0,688,1495,0,0
0,873,0,0,689,1496,0,0
0,873,0,0,690,1497,0,0
0,873,0,0,691,1497,0,0
0,873,0,0,692,1498,0,0
0,874,0,0,693,1499,0,0
0,874,0,0,694,1499,0,0
0,874,0,0,695,1500,0,0
0,874,0,0,696,1501,0,0
0,874,0,0,697,1501,0,0
0,875,0,0,698,1502,0,0
0,875,0,0,699,1503,0,0
0,875,0,0,700,1503,0,0
0,875,0,0,701,1504,0,0
0,875,0,0,702,1505,0,0
0,876,0,0,703,1505,0,0
0,876,0,0,704,1506,0,0
0,876,0,0,705,1507,0,0
0,876,0,0,706,1507,0,0
0,876,0,0,707,1508,0,0
0,877,0,0,708,1509,0,0
0,877,0,0,709,1509,0,0
0,877,0,0,710,1510,0,0
0,877,0,0,711,1511,0,0
0,877,0,0,712,1511,0,0
0,877,0,0,713,1512,0,0
0,878,0,0,714,1512,0,0
0,878,0,0,715,1513,0,0
0,878,0,0,716,1514,0,0
0,878,0,0,717,1514,0,0
0,878,0,0,718,1515,0,0
0,879,0,0,719,1516,0,0
0,879,0,0,720,1516,0,0
0,879,0,0,721,1517,0,0
0,879,0,0,722,1518,0,0
0,879,0,0,723,1518,0,0
0,880,0,0,724,1519,0,0
0,880,0,0,725,1520,0,0
0,880,0,0,726,1520,0,0
0,880,0,0,727,1521,0,0
0,880,0,0,728,1522,0,0
0,881,0,0,729,1522,0,0
0,881,0,0,730,1523,0,0
0,881,0,0,731,1524,0,0
0,881,0,0,732,1524,0,0
0,881,0,0,733,1525,0,0
0,881,0,0,734,1526,0,0
0,882,0,0,735,1526,0,0
0,882,0,0,736,1527,0,0
0,882,0,0,737,1528,0,0
0,882,0,0,738,1528,0,0
0,882,0,0,739,1529,0,0
0,882,0,0,740,1530,0,0
0,883,0,0,741,1530,0,0
0,883,0,0,742,1531,0,0
0,883,0,0,743,1532,0,0
0,883,0,0,744,1532,0,0
0,883,0,0,745,1533,0,0
0,884,0,0,746,1534,0,0
0,884,0,0,747,1534,0,0
0,884,0,0,748,1535,0,0
0,884,0,0,749,1536,0,0
0,884,0,0,750,1536,0,0
0,884,0,0,751,1537,0,0
0,885,0,0,752,1538,0,0
0,885,0,0,753,1538,0,0
0,885,0,0,754,1539,0,0
0,885,0,0,755,1540,0,0
0,885,0,0,756,1540,0,0
0,885,0,0,757,1541,0,0
0,886,0,0,758,1542,0,0
0,886,0,0,759,1542,0,0
0,886,0,0,760,1543,0,0
0,886,0,0,761,1544,0,0
0,886,0,0,762,1544,0,0
0,886,0,0,763,1545,0,0
0,887,0,0,764,1546,0,0
0,887,0,0,765,1546,0,0
0,887,0,0,766,1547,0,0
0,887,0,0,767,1548,0,0
0,887,0,0,768,1548,0,0
0,887,0,0,769,1549,0,0
0,888,0,0,770,1550,0,0
0,888,0,0,771,1550,0,0
0,888,0,0,772,1551,0,0
0,888,0,0,773,1552,0,0
0,888,0,0,774,1552,0,0
0,888,0,0,775,1553,0,0
0,888,0,0,776,1554,0,0
0,889,0,0,777,1554,0,0
0,889,0,0,778,1555,0,0
0,889,0,0,779,1556,0,0
0,889,0,0,780,1556,0,0
0,889,0,0,781,1557,0,0
0,889,0,0,782,1558,0,0
0,890,0,0,783,1558,0,0
0,890,0,0,784,1559,0,0
0,890,0,0,785,1560,0,0
0,890,0,0,786,1560,0,0
0,890,0,0,787,1561,0,0
0,890,0,0,788,1562,0,0
0,890,0,0,789,1562,0,0
0,891,0,0,790,1563,0,0
0,891,0,0,791,1564,0,0
0,891,0,0,792,1564,0,0
0,891,0,0,793,1565,0,0
0,891,0,0,794,1566,0,0
0,891,0,0,795,1566,0,0
0,891,0,0,796,1567,0,0
0,892,0,0,797,1568,0,0
0,892,0,0,798,1568,0,0
0,892,0,0,799,1569,0,0
0,892,0,0,800,1570,0,0
0,892,0,0,801,1570,0,0
0,892,0,0,802,1571,0,0
0,892,0,0,803,1572,0,0
0,893,0,0,804,1572,0,0
0,893,0,0,805,1573,0,0
0,893,0,0,806,1574,0,0
0,893,0,0,807,1574,0,0
0,893,0,0,808,1575,0,0
0,893,0,0,809,1576,0,0
0,893,0,0,810,1576,0,0
0,894,0,0,811,1577,0,0
0,894,0,0,812,1578,0,0
0,894,0,0,813,1578,0,0
0,894,0,0,814,1579,0,0
0,894,0,0,815,1580,0,0
0,894,0,0,816,1580,0,0
0,894,0,0,817,1581,0,0
0,894,0,0,818,1582,0,0
0,895,0,0,819,1582,0,0
0,895,0,0,820,1583,0,0
0,895,0,0,821,1584,0,0
0,895,0,0,822,1584,0,0
0,895,0,0,823,1585,0,0
0,895,0,0,824,1586,0,0
0,895,0,0,825,1586,0,0
0,896,0,0,826,1587,0,0
0,896,0,0,827,1588,0,0
0,896,0,0,828,1588,0,0
0,896,0,0,829,1589,0,0
0,896,0,0,830,1590,0,0
0,896,0,0,831,1590,0,0
0,896,0,0,832,1591,0,0
0,896,0,0,833,1592,0,0
0,897,0,0,834,1592,0,0
0,897,0,0,835,1593,0,0
0,897,0,0,836,1594,0,0
0,897,0,0,837,1594,0,0
0,897,0,0,838,1595,0,0
0,897,0,0,839,1596,0,0
0,897,0,0,840,1596,0,0
0,897,0,0,841,1597,0,0
0,897,0,0,842,1598,0,0
0,898,0,0,843,1598,0,0
0,898,0,0,844,1599,0,0
0,898,0,0,845,1600,0,0
0,898,0,0,846,1600,0,0
0,898,0,0,847,1601,0,0
0,898,0,0,848,1602,0,0
0,898,0,0,849,1603,0,0
0,898,0,0,850,1603,0,0
0,899,0,0,851,1604,0,0
0,899,0,0,852,1605,0,0
0,899,0,0,853,1605,0,0
0,899,0,0,854,1606,0,0
0,899,0,0,855,1607,0,0
0,899,0,0,856,1607,0,0
0,899,0,0,857,1608,0,0
0,899,0,0,858,1609,0,0
0,899,0,0,859,1609,0,0
0,899,0,0,860,1610,0,0
0,900,0,0,861,1611,0,0
0,900,0,0,862,1611,0,0
0,900,0,0,863,1612,0,0
0,900,0,0,864,1613,0,0
0,900,0,0,865,1613,0,0
0,900,0,0,866,1614,0,0
0,900,0,0,867,1615,0,0
0,900,0,0,868,1615,0,0
0,900,0,0,869,1616,0,0
0,901,0,0,870,1617,0,0
0,901,0,0,871,1617,0,0
0,901,0,0,872,1618,0,0
0,901,0,0,873,1619,0,0
0,901,0,0,874,1619,0,0
0,901,0,0,875,1620,0,0
0,901,0,0,876,1621,0,0
0,901,0,0,877,1621,0,0
0,901,0,0,878,1622,0,0
0,901,0,0,879,1623,0,0
0,902,0,0,880,1623,0,0
0,902,0,0,881,1624,0,0
0,902,0,0,882,1625,0,0
0,902,0,0,883,1625,0,0
0,902,0,0,884,1626,0,0
0,902,0,0,885,1627,0,0
0,902,0,0,886,1627,0,0
0,902,0,0,887,1628,0,0
0,902,0,0,888,1629,0,0
0,902,0,0,889,1629,0,0
0,902,0,0,890,1630,0,0
0,903,0,0,891,1631,0,0
0,903,0,0,892,1631,0,0
0,903,0,0,893,1632,0,0
0,903,0,0,894,1633,0,0
0,903,0,0,895,1633,0,0
0,903,0,0,896,1634,0,0
0,903,0,0,897,1635,0,0
0,903,0,0,898,1635,0,0
0,903,0,0,899,1636,0,0
0,903,0,0,900,1637,0,0
0,903,0,0,901,1637,0,0
0,903,0,0,902,1638,0,0
0,904,0,0,903,1639,0,0
0,904,0,0,904,1639,0,0
0,904,0,0,905,1640,0,0
0,904,0,0,906,1641,0,0
0,904,0,0,907,1642,0,0
0,904,0,0,908,1642,0,0
0,904,0,0,909,1643,0,0
0,904,0,0,910,1644,0,0
0,904,0,0,911,1644,0,0
0,904,0,0,912,1645,0,0
0,904,0,0,913,1646,0,0
0,904,0,0,914,1646,0,0
0,905,0,0,915,1647,0,0
0,905,0,0,916,1648,0,0
0,905,0,0,917,1648,0,0
0,905,0,0,918,1649,0,0
0,905,0,0,919,1650,0,0
0,905,0,0,920,1650,0,0
0,905,0,0,921,1651,0,0
0,905,0,0,922,1652,0,0
0,905,0,0,923,1652,0,0
0,905,0,0,924,1653,0,0
0,905,0,0,925,1654,0,0
0,905,0,0,926,1654,0,0
0,905,0,0,927,1655,0,0
0,905,0,0,928,1656,0,0
0,906,0,0,929,1656,0,0
0,906,0,0,930,1657,0,0
0,906,0,0,931,1658,0,0
0,906,0,0,932,1658,0,0
0,906,0,0,933,1659,0,0
0,906,0,0,934,1660,0,0
0,906,0,0,935,1660,0,0
0,906,0,0,936,1661,0,0
0,906,0,0,937,1662,0,0
0,906,0,0,938,1662,0,0
0,906,0,0,939,1663,0,0
0,906,0,0,940,1664,0,0
0,906,0,0,941,1664,0,0
0,906,0,0,942,1665,0,0
0,906,0,0,943,1666,0,0
0,907,0,0,944,1666,0,0
0,907,0,0,945,1667,0,0
0,907,0,0,946,1668,0,0
0,907,0,0,947,1668,0,0
0,907,0,0,948,1669,0,0
0,907,0,0,949,1670,0,0
0,907,0,0,950,1670,0,0
0,907,0,0,951,1671,0,0
0,907,0,0,952,1672,0,0
0,907,0,0,953,1672,0,0
0,907,0,0,954,1673,0,0
0,907,0,0,955,1674,0,0
0,907,0,0,956,1674,0,0
0,907,0,0,957,1675,0,0
0,907,0,0,958,1676,0,0
0,907,0,0,959,1677,0,0
0,907,0,0,960,1677,0,0
0,907,0,0,961,1678,0,0
0,908,0,0,962,1679,0,0
0,908,0,0,963,1679,0,0
0,908,0,0,964,1680,0,0
0,908,0,0,965,1681,0,0
0,908,0,0,966,1681,0,0
0,908,0,0,967,1682,0,0
0,908,0,0,968,1683,0,0
0,908,0,0,969,1683,0,0
0,908,0,0,970,1684,0,0
0,908,0,0,971,1685,0,0
0,908,0,0,972,1685,0,0
0,908,0,0,973,1686,0,0
0,908,0,0,974,1687,0,0
0,908,0,0,975,1687,0,0
0,908,0,0,976,1688,0,0
0,908,0,0,977,1689,0,0
0,908,0,0,978,1689,0,0
0,908,0,0,979,1690,0,0
0,908,0,0,980,1691,0,0
0,908,0,0,981,1691,0,0
0,908,0,0,982,1692,0,0
0,908,0,0,983,1693,0,0
0,909,0,0,984,1693,0,0
0,909,0,0,985,1694,0,0
0,909,0,0,986,1695,0,0
0,909,0,0,987,1695,0,0
0,909,0,0,988,1696,0,0
0,909,0,0,989,1697,0,0
0,909,0,0,990,1697,0,0
0,909,0,0,991,1698,0,0
0,909,0,0,992,1699,0,0
0,909,0,0,993,1699,0,0
0,909,0,0,994,1700,0,0
0,909,0,0,995,1701,0,0
0,909,0,0,996,1701,0,0
0,909,0,0,997,1702,0,0
0,909,0,0,998,1703,0,0
0,909,0,0,999,1703,0,0
0,909,0,0,1000,1704,0,0
0,909,0,0,1001,1705,0,0
0,909,0,0,1002,1705,0,0
0,909,0,0,1003,1706,0,0
0,909,0,0,1004,1707,0,0
0,909,0,0,1005,1707,0,0
0,909,0,0,1006,1708,0,0
0,909,0,0,1007,1709,0,0
0,909,0,0,1008,1709,0,0
0,909,0,0,1009,1710,0,0
0,909,0,0,1010,1711,0,0
0,909,0,0,1011,1711,0,0
0,909,0,0,1012,1712,0,0
0,909,0,0,1013,1713,0,0
0,909,0,0,1014,1713,0,0
0,909,0,0,1015,1714,0,0
0,910,0,0,1016,1715,0,0
0,910,0,0,1017,1715,0,0
0,910,0,0,1018,1716,0,0
0,910,0,0,1019,1717,0,0
0,910,0,0,1020,1718,0,0
0,910,0,0,1021,1718,0,0
0,910,0,0,1022,1719,0,0
0,910,0,0,1023,1720,0,0
0,910,0,0,1024,1720,0,0
0,910,0,0,1025,1721,0,0
0,910,0,0,1026,1722,0,0
0,910,0,0,1027,1722,0,0
0,910,0,0,1028,1723,0,0
0,910,0,0,1029,1724,0,0
0,910,0,0,1030,1724,0,0
0,910,0,0,1031,1725,0,0
0,910,0,0,1032,1726,0,0
0,910,0,0,1033,1726,0,0
0,910,0,0,1034,1727,0,0
0,910,0,0,1035,1728,0,0
0,910,0,0,1036,1728,0,0
0,910,0,0,1037,1729,0,0
0,910,0,0,1038,1730,0,0
0,910,0,0,1039,1730,0,0
0,910,0,0,1040,1731,0,0
0,910,0,0,1041,1732,0,0
0,910,0,0,1042,1732,0,0
0,910,0,0,1043,1733,0,0
0,910,0,0,1044,1734,0,0
0,910,0,0,1045,1734,0,0
0,910,0,0,1046,1735,0,0
0,910,0,0,1047,1736,0,0
0,910,0,0,1048,1736,0,0
0,910,0,0,1049,1737,0,0
0,910,0,0,1050,1738,0,0
0,910,0,0,1051,1738,0,0
0,910,0,0,1052,1739,0,0
0,910,0,0,1053,1740,0,0
0,910,0,0,1054,1740,0,0
0,910,0,0,1055,1741,0,0
0,910,0,0,1056,1742,0,0
0,910,0,0,1057,1742,0,0
0,910,0,0,1058,1743,0,0
0,910,0,0,1059,1744,0,0
0,910,0,0,1060,1744,0,0
0,910,0,0,1061,1745,0,0
0,910,0,0,1062,1746,0,0
0,910,0,0,1063,1746,0,0
0,910,0,0,1064,1747,0,0
0,910,0,0,1065,1748,0,0
0,910,0,0,1066,1748,0,0
0,910,0,0,1067,1749,0,0
0,910,0,0,1068,1750,0,0
0,910,0,0,1069,1750,0,0
0,910,0,0,1070,1751,0,0
0,910,0,0,1071,1752,0,0
0,910,0,0,1072,1752,0,0
0,910,0,0,1073,1753,0,0
0,910,0,0,1074,1754,0,0
0,910,0,0,1075,1754,0,0
0,910,0,0,1076,1755,0,0
0,910,0,0,1077,1756,0,0
0,910,0,0,1078,1756,0,0
0,910,0,0,1079,1757,0,0
0,910,0,0,1080,1758,0,0
0,910,0,0,1081,1758,0,0
0,910,0,0,1082,1759,0,0
0,910,0,0,1083,1760,0,0
0,910,0,0,1084,1760,0,0
0,910,0,0,1085,1761,0,0
0,910,0,0,1086,1762,0,0
0,910,0,0,1087,1762,0,0
0,910,0,0,1088,1763,0,0
0,910,0,0,1089,1764,0,0
0,910,0,0,1090,1764,0,0
0,910,0,0,1091,1765,0,0
0,910,0,0,1092,1766,0,0
0,910,0,0,1093,1766,0,0
0,910,0,0,1094,1767,0,0
0,910,0,0,1095,1768,0,0
0,910,0,0,1096,1768,0,0
0,910,0,0,1097,1769,0,0
0,910,0,0,1098,1770,0,0
0,910,0,0,1099,1770,0,0
0,910,0,0,1100,1771,0,0
0,910,0,0,1101,1772,0,0
0,910,0,0,1102,1772,0,0
0,910,0,0,1103,1773,0,0
0,910,0,0,1104,1774,0,0
0,909,0,0,1105,1774,0,0
0,909,0,0,1106,1775,0,0
0,909,0,0,1107,1776,0,0
0,909,0,0,1108,1776,0,0
0,909,0,0,1109,1777,0,0
0,909,0,0,1110,1778,0,0
0,909,0,0,1111,1778,0,0
0,909,0,0,1112,1779,0,0
0,909,0,0,1113,1780,0,0
0,909,0,0,1114,1780,0,0
0,909,0,0,1115,1781,0,0
0,909,0,0,1116,1782,0,0
0,909,0,0,1117,1782,0,0
0,909,0,0,1118,1783,0,0
0,909,0,0,1119,1784,0,0
0,909,0,0,1120,1784,0,0
0,909,0,0,1121,1785,0,0
0,909,0,0,1122,1786,0,0
0,909,0,0,1123,1786,0,0
0,909,0,0,1124,1787,0,0
0,909,0,0,1125,1788,0,0
0,909,0,0,1126,1788,0,0
0,909,0,0,1127,1789,0,0
0,909,0,0,1128,1790,0,0
0,909,0,0,1129,1790,0,0
0,909,0,0,1130,1791,0,0
0,909,0,0,1131,1792,0,0
0,909,0,0,1132,1792,0,0
0,909,0,0,1133,1793,0,0
0,909,0,0,1134,1794,0,0
0,909,0,0,1135,1794,0,0
0,909,0,0,1136,1795,0,0
0,909,0,0,1137,1796,0,0
0,908,0,0,1138,1796,0,0
0,908,0,0,1139,1797,0,0
0,908,0,0,1140,1798,0,0
0,908,0,0,1141,1798,0,0
0,908,0,0,1142,1799,0,0
0,908,0,0,1143,1800,0,0
0,908,0,0,1144,1800,0,0
0,908,0,0,1145,1801,0,0
0,908,0,0,1146,1802,0,0
0,908,0,0,1147,1802,0,0
0,908,0,0,1148,1803,0,0
0,908,0,0,1149,1804,0,0
0,908,0,0,1150,1804,0,0
0,908,0,0,1151,1805,0,0
0,908,0,0,1152,1806,0,0
0,908,0,0,1153,1806,0,0
0,908,0,0,1154,1807,0,0
0,908,0,0,1155,1808,0,0
0,908,0,0,1156,1808,0,0
0,908,0,0,1157,1809,0,0
0,908,0,0,1158,1810,0,0
0,908,0,0,1159,1810,0,0
0,908,0,0,1160,1811,0,0
0,907,0,0,1161,1812,0,0
0,907,0,0,1162,1812,0,0
0,907,0,0,1163,1813,0,0
0,907,0,0,1164,1813,0,0
0,907,0,0,1165,1814,0,0
0,907,0,0,1166,1815,0,0
0,907,0,0,1167,1815,0,0
0,907,0,0,1168,1816,0,0
0,907,0,0,1169,1817,0,0
0,907,0,0,1170,1817,0,0
0,907,0,0,1171,1818,0,0
0,907,0,0,1172,1819,0,0
0,907,0,0,1173,1819,0,0
0,907,0,0,1174,1820,0,0
0,907,0,0,1175,1821,0,0
0,907,0,0,1176,1821,0,0
0,907,0,0,1177,1822,0,0
0,907,0,0,1178,1823,0,0
0,907,0,0,1179,1823,0,0
0,906,0,0,1180,1824,0,0
0,906,0,0,1181,1825,0,0
0,906,0,0,1182,1825,0,0
0,906,0,0,1183,1826,0,0
0,906,0,0,1184,1827,0,0
0,906,0,0,1185,1827,0,0
0,906,0,0,1186,1828,0,0
0,906,0,0,1187,1829,0,0
0,906,0,0,1188,1829,0,0
0,906,0,0,1189,1830,0,0
0,906,0,0,1190,1831,0,0
0,906,0,0,1191,1831,0,0
0,906,0,0,1192,1832,0,0
0,906,0,0,1193,1833,0,0
0,906,0,0,1194,1833,0,0
0,906,0,0,1195,1834,0,0
0,905,0,0,1196,1835,0,0
0,905,0,0,1197,1835,0,0
0,905,0,0,1198,1836,0,0
0,905,0,0,1199,1837,0,0
0,905,0,0,1200,1837,0,0
0,905,0,0,1201,1838,0,0
0,905,0,0,1202,1839,0,0
0,905,0,0,1203,1839,0,0
0,905,0,0,1204,1840,0,0
0,905,0,0,1205,1840,0,0
0,905,0,0,1206,1841,0,0
0,905,0,0,1207,1842,0,0
0,905,0,0,1208,1842,0,0
0,905,0,0,1209,1843,0,0
0,904,0,0,1210,1844,0,0
0,904,0,0,1211,1844,0,0
0,904,0,0,1212,1845,0,0
0,904,0,0,1213,1846,0,0
0,904,0,0,1214,1846,0,0
0,904,0,0,1215,1847,0,0
0,904,0,0,1216,1848,0,0
0,904,0,0,1217,1848,0,0
0,904,0,0,1218,1849,0,0
0,904,0,0,1219,1850,0,0
0,904,0,0,1220,1850,0,0
0,904,0,0,1221,1851,0,0
0,904,0,0,1222,1852,0,0
0,904,0,0,1223,1852,0,0
0,903,0,0,1224,1853,0,0
0,903,0,0,1225,1854,0,0
0,903,0,0,1226,1854,0,0
0,903,0,0,1227,1855,0,0
0,903,0,0,1228,1856,0,0
0,903,0,0,1229,1856,0,0
0,903,0,0,1230,1857,0,0
0,903,0,0,1231,1857,0,0
0,903,0,0,1232,1858,0,0
0,903,0,0,1233,1859,0,0
0,903,0,0,1234,1859,0,0
0,903,0,0,1235,1860,0,0
0,902,0,0,1236,1861,0,0
0,902,0,0,1237,1861,0,0
0,902,0,0,1238,1862,0,0
0,902,0,0,1239,1863,0,0
0,902,0,0,1240,1863,0,0
0,902,0,0,1241,1864,0,0
0,902,0,0,1242,1865,0,0
0,902,0,0,1243,1865,0,0
0,902,0,0,1244,1866,0,0
0,902,0,0,1245,1867,0,0
0,902,0,0,1246,1867,0,0
0,902,0,0,1247,1868,0,0
0,901,0,0,1248,1869,0,0
0,901,0,0,1249,1869,0,0
0,901,0,0,1250,1870,0,0
0,901,0,0,1251,1871,0,0
0,901,0,0,1252,1871,0,0
0,901,0,0,1253,1872,0,0
0,901,0,0,1254,1872,0,0
0,901,0,0,1255,1873,0,0
0,901,0,0,1256,1874,0,0
0,901,0,0,1257,1874,0,0
0,901,0,0,1258,1875,0,0
0,900,0,0,1259,1876,0,0
0,900,0,0,1260,1876,0,0
0,900,0,0,1261,1877,0,0
0,900,0,0,1262,1878,0,0
0,900,0,0,1263,1878,0,0
0,900,0,0,1264,1879,0,0
0,900,0,0,1265,1880,0,0
0,900,0,0,1266,1880,0,0
0,900,0,0,1267,1881,0,0
0,900,0,0,1268,1882,0,0
0,899,0,0,1269,1882,0,0
0,899,0,0,1270,1883,0,0
0,899,0,0,1271,1883,0,0
0,899,0,0,1272,1884,0,0
0,899,0,0,1273,1885,0,0
0,899,0,0,1274,1885,0,0
0,899,0,0,1275,1886,0,0
0,899,0,0,1276,1887,0,0
0,899,0,0,1277,1887,0,0
0,899,0,0,1278,1888,0,0
0,898,0,0,1279,1889,0,0
0,898,0,0,1280,1889,0,0
0,898,0,0,1281,1890,0,0
0,898,0,0,1282,1891,0,0
0,898,0,0,1283,1891,0,0
0,898,0,0,1284,1892,0,0
0,898,0,0,1285,1893,0,0
0,898,0,0,1286,1893,0,0
0,898,0,0,1287,1894,0,0
0,898,0,0,1288,1894,0,0
0,897,0,0,1289,1895,0,0
0,897,0,0,1290,1896,0,0
0,897,0,0,1291,1896,0,0
0,897,0,0,1292,1897,0,0
0,897,0,0,1293,1898,0,0
0,897,0,0,1294,1898,0,0
0,897,0,0,1295,1899,0,0
0,897,0,0,1296,1900,0,0
0,897,0,0,1297,1900,0,0
0,896,0,0,1298,1901,0,0
0,896,0,0,1299,1902,0,0
0,896,0,0,1300,1902,0,0
0,896,0,0,1301,1903,0,0
0,896,0,0,1302,1903,0,0
0,896,0,0,1303,1904,0,0
0,896,0,0,1304,1905,0,0
0,896,0,0,1305,1905,0,0
0,896,0,0,1306,1906,0,0
0,895,0,0,1307,1907,0,0
0,895,0,0,1308,1907,0,0
0,895,0,0,1309,1908,0,0
0,895,0,0,1310,1909,0,0
0,895,0,0,1311,1909,0,0
0,895,0,0,1312,1910,0,0
0,895,0,0,1313,1911,0,0
0,895,0,0,1314,1911,0,0
0,894,0,0,1315,1912,0,0
0,894,0,0,1316,1912,0,0
0,894,0,0,1317,1913,0,0
0,894,0,0,1318,1914,0,0
0,894,0,0,1319,1914,0,0
0,894,0,0,1320,1915,0,0
0,894,0,0,1321,1916,0,0
0,894,0,0,1322,1916,0,0
0,894,0,0,1323,1917,0,0
0,893,0,0,1324,1918,0,0
0,893,0,0,1325,1918,0,0
0,893,0,0,1326,1919,0,0
0,893,0,0,1327,1919,0,0
0,893,0,0,1328,1920,0,0
0,893,0,0,1329,1921,0,0
0,893,0,0,1330,1921,0,0
0,893,0,0,1331,1922,0,0
0,892,0,0,1332,1923,0,0
0,892,0,0,1333,1923,0,0
0,892,0,0,1334,1924,0,0
0,892,0,0,1335,1925,0,0
0,892,0,0,1336,1925,0,0
0,892,0,0,1337,1926,0,0
0,892,0,0,1338,1926,0,0
0,892,0,0,1339,1927,0,0
0,891,0,0,1340,1928,0,0
0,891,0,0,1341,1928,0,0
0,891,0,0,1342,1929,0,0
0,891,0,0,1343,1930,0,0
0,891,0,0,1344,1930,0,0
0,891,0,0,1345,1931,0,0
0,891,0,0,1346,1932,0,0
0,890,0,0,1347,1932,0,0
0,890,0,0,1348,1933,0,0
0,890,0,0,1349,1933,0,0
0,890,0,0,1350,1934,0,0
0,890,0,0,1351,1935,0,0
0,890,0,0,1352,1935,0,0
0,890,0,0,1353,1936,0,0
0,890,0,0,1354,1937,0,0
0,889,0,0,1355,1937,0,0
0,889,0,0,1356,1938,0,0
0,889,0,0,1357,1939,0,0
0,889,0,0,1358,1939,0,0
0,889,0,0,1359,1940,0,0
0,889,0,0,1360,1940,0,0
0,889,0,0,1361,1941,0,0
0,888,0,0,1362,1942,0,0
0,888,0,0,1363,1942,0,0
0,888,0,0,1364,1943,0,0
0,888,0,0,1365,1944,0,0
0,888,0,0,1366,1944,0,0
0,888,0,0,1367,1945,0,0
0,888,0,0,1368,1945,0,0
0,888,0,0,1369,1946,0,0
0,887,0,0,1370,1947,0,0
0,887,0,0,1371,1947,0,0
0,887,0,0,1372,1948,0,0
0,887,0,0,1373,1949,0,0
0,887,0,0,1374,1949,0,0
0,887,0,0,1375,1950,0,0
0,887,0,0,1376,1950,0,0
0,886,0,0,1377,1951,0,0
0,886,0,0,1378,1952,0,0
0,886,0,0,1379,1952,0,0
0,886,0,0,1380,1953,0,0
0,886,0,0,1381,1954,0,0
0,886,0,0,1382,1954,0,0
0,886,0,0,1383,1955,0,0
0,885,0,0,1384,1956,0,0
0,885,0,0,1385,1956,0,0
0,885,0,0,1386,1957,0,0
0,885,0,0,1387,1957,0,0
0,885,0,0,1388,1958,0,0
0,885,0,0,1389,1959,0,0
0,884,0,0,1390,1959,0,0
0,884,0,0,1391,1960,0,0
0,884,0,0,1392,1961,0,0
0,884,0,0,1393,1961,0,0
0,884,0,0,1394,1962,0,0
0,884,0,0,1395,1962,0,0
0,884,0,0,1396,1963,0,0
0,883,0,0,1397,1964,0,0
0,883,0,0,1398,1964,0,0
0,883,0,0,1399,1965,0,0
0,883,0,0,1400,1966,0,0
0,883,0,0,1401,1966,0,0
0,883,0,0,1402,1967,0,0
0,883,0,0,1403,1967,0,0
0,882,0,0,1404,1968,0,0
0,882,0,0,1405,1969,0,0
0,882,0,0,1406,1969,0,0
0,882,0,0,1407,1970,0,0
0,882,0,0,1408,1971,0,0
0,882,0,0,1409,1971,0,0
0,881,0,0,1410,1972,0,0
0,881,0,0,1411,1972,0,0
0,881,0,0,1412,1973,0,0
0,881,0,0,1413,1974,0,0
0,881,0,0,1414,1974,0,0
0,881,0,0,1415,1975,0,0
0,880,0,0,1416,1976,0,0
0,880,0,0,1417,1976,0,0
0,880,0,0,1418,1977,0,0
0,880,0,0,1419,1977,0,0
0,880,0,0,1420,1978,0,0
0,880,0,0,1421,1979,0,0
0,880,0,0,1422,1979,0,0
0,879,0,0,1423,1980,0,0
0,879,0,0,1424,1980,0,0
0,879,0,0,1425,1981,0,0
0,879,0,0,1426,1982,0,0
0,879,0,0,1427,1982,0,0
0,879,0,0,1428,1983,0,0
0,878,0,0,1429,1984,0,0
0,878,0,0,1430,1984,0,0
0,878,0,0,1431,1985,0,0
0,878,0,0,1432,1985,0,0
0,878,0,0,1433,1986,0,0
0,878,0,0,1434,1987,0,0
0,877,0,0,1435,1987,0,0
0,877,0,0,1436,1988,0,0
0,877,0,0,1437,1989,0,0
0,877,0,0,1438,1989,0,0
0,877,0,0,1439,1990,0,0
0,877,0,0,1440,1990,0,0
0,876,0,0,1441,1991,0,0
0,876,0,0,1442,1992,0,0
0,876,0,0,1443,1992,0,0
0,876,0,0,1444,1993,0,0
0,876,0,0,1445,1993,0,0
0,876,0,0,1446,1994,0,0
0,875,0,0,1447,1995,0,0
0,875,0,0,1448,1995,0,0
0,875,0,0,1449,1996,0,0
0,875,0,0,1450,1997,0,0
0,875,0,0,1451,1997,0,0
0,875,0,0,1452,1998,0,0
0,874,0,0,1453,1998,0,0
0,874,0,0,1454,1999,0,0
0,874,0,0,1455,2000,0,0
0,874,0,0,1456,2000,0,0
0,874,0,0,1457,2001,0,0
0,873,0,0,1458,2001,0,0
0,873,0,0,1459,2002,0,0
0,873,0,0,1460,2003,0,0
0,873,0,0,1461,2003,0,0
0,873,0,0,1462,2004,0,0
0,873,0,0,1463,2004,0,0
0,872,0,0,1464,2005,0,0
0,872,0,0,1465,2006,0,0
0,872,0,0,1466,2006,0,0
0,872,0,0,1467,2007,0,0
0,872,0,0,1468,2008,0,0
0,872,0,0,1469,2008,0,0
0,871,0,0,1470,2009,0,0
0,871,0,0,1471,2009,0,0
0,871,0,1,1472,2010,0,0
0,871,0,1,1473,2011,0,0
0,871,1,1,1474,2011,0,0
0,869,1,1,1475,2012,0,0
0,867,1,1,1476,2012,0,0
0,865,1,1,1477,2013,0,0
0,863,1,1,1478,2014,0,0
0,861,1,1,1479,2014,0,0
0,860,1,1,1480,2015,0,0
0,858,1,1,1481,2015,0,0
0,856,1,1,1482,2016,0,0
0,854,1,1,1483,2017,0,0
0,852,1,1,1484,2017,0,0
0,850,1,1,1485,2018,0,0
0,848,1,1,1486,2018,0,0
0,846,1,1,1487,2019,0,0
0,845,1,1,1488,2020,0,0
0,843,1,1,1489,2020,0,0
0,841,1,1,1490,2021,0,0
0,839,1,1,1491,2021,0,0
0,837,1,1,1492,2022,0,0
0,835,1,1,1493,2022,0,0
0,834,1,1,1494,2023,0,0
0,832,1,1,1495,2024,0,0
0,830,1,1,1496,2024,0,0
0,828,1,1,1497,2025,0,0
0,826,1,1,1498,2025,0,0
0,824,1,1,1499,2026,0,0
0,822,1,1,1500,2026,0,0
0,821,1,1,1501,2027,0,0
0,819,1,1,1502,2028,0,0
0,817,1,1,1503,2028,0,0
0,815,1,1,1504,2029,0,0
0,813,1,1,1505,2029,0,0
0,811,1,1,1506,2030,0,0
0,809,1,1,1507,2030,0,0
0,808,1,1,1508,2031,0,0
0,806,1,1,1509,2031,0,0
0,804,1,1,1510,2032,0,0
0,802,1,1,1511,2033,0,0
0,800,1,1,1512,2033,0,0
0,798,1,1,1513,2034,0,0
0,796,1,1,1514,2034,0,0
0,795,1,1,1515,2035,0,0
0,793,1,1,1516,2035,0,0
0,791,1,1,1517,2036,0,0
0,789,1,1,1518,2036,0,0
0,787,1,1,1519,2037,0,0
0,785,1,1,1520,2037,0,0
0,784,1,1,1521,2038,0,0
0,782,1,1,1522,2038,0,0
0,780,1,1,1523,2039,0,0
0,778,1,1,1524,2040,0,0
0,776,1,1,1525,2040,0,0
0,774,1,1,1526,2041,0,0
0,772,1,1,1527,2041,0,0
0,771,1,1,1528,2042,0,0
0,769,1,1,1529,2042,0,0
0,767,1,1,1530,2043,0,0
0,765,1,1,1531,2043,0,0
0,763,1,1,1532,2044,0,0
0,761,1,1,1533,2044,0,0
0,760,1,1,1534,2045,0,0
0,758,1,1,1535,2045,0,0
0,756,1,1,1536,2046,0,0
0,754,1,1,1537,2046,0,0
0,752,1,1,1538,2047,0,0
0,750,1,1,1539,2047,0,0
0,749,1,1,1540,2048,0,0
0,747,1,1,1541,2048,0,0
0,745,1,1,1542,2049,0,0
0,743,1,1,1543,2049,0,0
0,741,1,1,1544,2050,0,0
0,739,1,1,1545,2050,0,0
0,737,1,1,1546,2051,0,0
0,736,1,1,1547,2051,0,0
0,734,1,1,1548,2052,0,0
0,732,1,1,1549,2052,0,0
0,730,1,1,1550,2053,0,0
0,728,1,1,1551,2053,0,0
0,726,1,1,1552,2053,0,0
0,725,1,1,1553,2054,0,0
0,723,1,1,1554,2054,0,0
0,721,1,1,1555,2055,0,0
0,719,1,1,1556,2055,0,0
0,717,1,1,1557,2056,0,0
0,715,1,1,1558,2056,0,0
0,714,1,1,1559,2057,0,0
0,712,1,1,1560,2057,0,0
0,710,1,1,1561,2058,0,0
0,708,1,1,1562,2058,0,0
0,706,1,1,1563,2059,0,0
0,704,1,1,1564,2059,0,0
0,703,1,1,1565,2060,0,0
0,701,1,1,1566,2060,0,0
0,699,1,1,1567,2060,0,0
0,697,1,1,1568,2061,0,0
0,695,1,1,1569,2061,0,0
0,693,1,1,1570,2062,0,0
0,692,1,1,1571,2062,0,0
0,690,1,1,1572,2063,0,0
0,688,1,1,1573,2063,0,0
0,686,1,1,1574,2064,0,0
0,684,1,1,1575,2064,0,0
0,683,1,1,1576,2064,0,0
0,681,1,1,1577,2065,0,0
0,679,1,1,1578,2065,0,0
0,677,1,1,1579,2066,0,0
0,675,1,1,1580,2066,0,0
0,673,1,1,1581,2067,0,0
0,672,1,1,1582,2067,0,0
0,670,1,1,1583,2067,0,0
0,668,1,1,1584,2068,0,0
0,666,1,1,1585,2068,0,0
0,664,1,1,1586,2069,0,0
0,662,1,1,1587,2069,0,0
0,661,1,1,1588,2069,0,0
0,659,1,1,1589,2070,0,0
0,657,1,1,1590,2070,0,0
0,655,1,1,1591,2071,0,0
0,653,1,1,1592,2071,0,0
0,652,1,1,1593,2072,0,0
0,650,1,1,1594,2072,0,0
0,648,1,1,1595,2072,0,0
0,646,1,1,1596,2073,0,0
0,644,1,1,1597,2073,0,0
0,642,1,1,1598,2074,0,0
0,641,1,1,1599,2074,0,0
0,639,1,1,1600,2074,0,0
0,637,1,1,1601,2075,0,0
0,635,1,1,1602,2075,0,0
0,633,1,1,1603,2076,0,0
0,632,1,1,1604,2076,0,0
0,630,1,1,1605,2076,0,0
0,628,1,1,1606,2077,0,0
0,626,1,1,1607,2077,0,0
0,624,1,1,1608,2077,0,0
0,622,1,1,1609,2078,0,0
0,621,1,1,1610,2078,0,0
0,619,1,1,1611,2079,0,0
0,617,1,1,1612,2079,0,0
0,615,1,1,1613,2079,0,0
0,613,1,1,1614,2080,0,0
0,612,1,1,1615,2080,0,0
0,610,1,1,1616,2080,0,0
0,608,1,1,1617,2081,0,0
0,606,1,1,1618,2081,0,0
0,604,1,1,1619,2081,0,0
0,603,1,1,1620,2082,0,0
0,601,1,1,1621,2082,0,0
0,599,1,1,1622,2083,0,0
0,597,1,1,1623,2083,0,0
0,595,1,1,1624,2083,0,0
0,594,1,1,1625,2084,0,0
0,592,1,1,1626,2084,0,0
0,590,1,1,1627,2084,0,0
0,588,1,1,1628,2085,0,0
0,586,1,1,1629,2085,0,0
0,584,1,1,1630,2085,0,0
0,583,1,1,1631,2086,0,0
0,581,1,1,1632,2086,0,0
0,579,1,1,1633,2086,0,0
0,577,1,1,1634,2087,0,0
0,575,1,1,1635,2087,0,0
0,574,1,1,1636,2087,0,0
0,572,1,1,1637,2088,0,0
0,570,1,1,1638,2088,0,0
0,568,1,1,1639,2088,0,0
0,566,1,1,1640,2089,0,0
0,565,1,1,1641,2089,0,0
0,563,1,1,1642,2089,0,0
0,561,1,1,1643,2090,0,0
0,559,1,1,1644,2090,0,0
0,557,1,1,1645,2090,0,0
0,556,1,1,1646,2091,0,0
0,554,1,1,1647,2091,0,0
0,552,1,1,1648,2091,0,0
0,550,1,1,1649,2092,0,0
0,548,1,1,1650,2092,0,0
0,547,1,1,1651,2092,0,0
0,545,1,1,1652,2093,0,0
0,543,1,1,1653,2093,0,0
0,541,1,1,1654,2093,0,0
0,540,1,1,1655,2093,0,0
0,538,1,1,1656,2094,0,0
0,536,1,1,1657,2094,0,0
0,534,1,1,1658,2094,0,0
0,532,1,1,1659,2095,0,0
0,531,1,1,1660,2095,0,0
0,529,1,1,1661,2095,0,0
0,527,1,1,1662,2095,0,0
0,525,1,1,1663,2096,0,0
0,523,1,1,1664,2096,0,0
0,522,1,1,1665,2096,0,0
0,520,1,1,1666,2097,0,0
0,518,1,1,1667,2097,0,0
0,516,1,1,1668,2097,0,0
0,514,1,1,1669,2097,0,0
0,513,1,1,1670,2098,0,0
0,511,1,1,1671,2098,0,0
0,509,1,1,1672,2098,0,0
0,507,1,1,1673,2099,0,0
0,506,1,1,1674,2099,0,0
0,504,1,1,1675,2099,0,0
0,502,1,1,1676,2099,0,0
0,500,1,1,1677,2100,0,0
0,498,1,1,1678,2100,0,0
0,497,1,1,1679,2100,0,0
0,495,1,1,1680,2100,0,0
0,493,1,1,1681,2101,0,0
0,491,1,1,1682,2101,0,0
0,490,1,1,1683,2101,0,0
0,488,1,1,1684,2101,0,0
0,486,1,1,1685,2102,0,0
0,484,1,1,1686,2102,0,0
0,482,1,1,1687,2102,0,0
0,481,1,1,1688,2102,0,0
0,479,1,1,1689,2103,0,0
0,477,1,1,1690,2103,0,0
0,475,1,1,1691,2103,0,0
0,474,1,1,1692,2103,0,0
0,472,1,1,1693,2104,0,0
0,470,1,1,1694,2104,0,0
0,468,1,1,1695,2104,0,0
0,466,1,1,1696,2104,0,0
0,465,1,1,1697,2105,0,0
0,463,1,1,1698,2105,0,0
0,461,1,1,1699,2105,0,0
0,459,1,1,1700,2105,0,0
0,458,1,1,1701,2106,0,0
0,456,1,1,1702,2106,0,0
0,454,1,1,1703,2106,0,0
0,452,1,1,1704,2106,0,0
0,451,1,1,1705,2106,0,0
0,449,1,1,1706,2107,0,0
0,447,1,1,1707,2107,0,0
0,445,1,1,1708,2107,0,0
0,443,1,1,1709,2107,0,0
0,442,1,1,1710,2108,0,0
0,440,1,1,1711,2108,0,0
0,438,1,1,1712,2108,0,0
0,436,1,1,1713,2108,0,0
0,435,1,1,1714,2108,0,0
0,433,1,1,1715,2109,0,0
0,431,1,1,1716,2109,0,0
0,429,1,1,1717,2109,0,0
0,428,1,1,1718,2109,0,0
0,426,1,1,1719,2109,0,0
0,424,1,1,1720,2110,0,0
0,422,1,1,1721,2110,0,0
0,421,1,1,1722,2110,0,0
0,419,1,1,1723,2110,0,0
0,417,1,1,1724,2110,0,0
0,415,1,1,1725,2110,0,0
0,414,1,1,1726,2111,0,0
0,412,1,1,1727,2111,0,0
0,410,1,1,1728,2111,0,0
0,408,1,1,1729,2111,0,0
0,406,1,1,1730,2111,0,0
0,405,1,1,1731,2112,0,0
0,403,1,1,1732,2112,0,0
0,401,1,1,1733,2112,0,0
0,399,1,1,1734,2112,0,0
0,398,1,1,1735,2112,0,0
0,396,1,1,1736,2112,0,0
0,394,1,1,1737,2113,0,0
0,392,1,1,1738,2113,0,0
0,391,1,1,1739,2113,0,0
0,389,1,1,1740,2113,0,0
0,387,1,1,1741,2113,0,0
0,385,1,1,1742,2113,0,0
0,384,1,1,1743,2114,0,0
0,382,1,1,1744,2114,0,0
0,380,1,1,1745,2114,0,0
0,379,1,1,1746,2114,0,0
0,377,1,1,1747,2114,0,0
0,375,1,1,1748,2114,0,0
0,373,1,1,1749,2115,0,0
0,372,1,1,1750,2115,0,0
0,370,1,1,1751,2115,0,0
0,368,1,1,1752,2115,0,0
0,366,1,1,1753,2115,0,0
0,365,1,1,1754,2115,0,0
0,363,1,1,1755,2115,0,0
0,361,1,1,1756,2116,0,0
0,359,1,1,1757,2116,0,0
0,358,1,1,1758,2116,0,0
0,356,1,1,1759,2116,0,0
0,354,1,1,1760,2116,0,0
0,352,1,1,1761,2116,0,0
0,351,1,1,1762,2116,0,0
0,349,1,1,1763,2116,0,0
0,347,1,1,1764,2117,0,0
0,345,1,1,1765,2117,0,0
0,344,1,1,1766,2117,0,0
0,342,1,1,1767,2117,0,0
0,340,1,1,1768,2117,0,0
0,339,1,1,1769,2117,0,0
0,337,1,1,1770,2117,0,0
0,335,1,1,1771,2117,0,0
0,333,1,1,1772,2118,0,0
0,332,1,1,1773,2118,0,0
0,330,1,1,1774,2118,0,0
0,328,1,1,1775,2118,0,0
0,326,1,1,1776,2118,0,0
0,325,1,1,1777,2118,0,0
0,323,1,1,1778,2118,0,0
0,321,1,1,1779,2118,0,0
0,320,1,1,1780,2118,0,0
0,318,1,1,1781,2118,0,0
0,316,1,1,1782,2119,0,0
0,314,1,1,1783,2119,0,0
0,313,1,1,1784,2119,0,0
0,311,1,1,1785,2119,0,0
0,309,1,1,1786,2119,0,0
0,307,1,1,1787,2119,0,0
0,306,1,1,1788,2119,0,0
0,304,1,1,1789,2119,0,0
0,302,1,1,1790,2119,0,0
0,301,1,1,1791,2119,0,0
0,299,1,1,1792,2119,0,0
0,297,1,1,1793,2120,0,0
0,295,1,1,1794,2120,0,0
0,294,1,1,1795,2120,0,0
0,292,1,1,1796,2120,0,0
0,290,1,1,1797,2120,0,0
0,289,1,1,1798,2120,0,0
0,287,1,1,1799,2120,0,0
0,285,1,1,1800,2120,0,0
0,283,1,1,1801,2120,0,0
0,282,1,1,1802,2120,0,0
0,280,1,1,1803,2120,0,0
0,278,1,1,1804,2120,0,0
0,277,1,1,1805,2120,0,0
0,275,1,1,1806,2120,0,0
0,273,1,1,1807,2120,0,0
0,271,1,1,1808,2121,0,0
0,270,1,1,1809,2121,0,0
0,268,1,1,1810,2121,0,0
0,266,1,1,1811,2121,0,0
0,265,1,1,1812,2121,0,0
0,263,1,1,1813,2121,0,0
0,261,1,1,1814,2121,0,0
0,260,1,1,1815,2121,0,0
0,258,1,1,1816,2121,0,0
0,256,1,1,1817,2121,0,0
0,254,1,1,1818,2121,0,0
0,253,1,1,1819,2121,0,0
0,251,1,1,1820,2121,0,0
0,249,1,1,1821,2121,0,0
0,248,1,1,1822,2121,0,0
0,246,1,1,1823,2121,0,0
0,244,1,1,1824,2121,0,0
0,243,1,1,1825,2121,0,0
0,241,1,1,1826,2121,0,0
0,239,1,1,1827,2121,0,0
0,237,1,1,1828,2121,0,0
0,236,1,1,1829,2121,0,0
0,234,1,1,1830,2121,0,0
0,232,1,1,1831,2121,0,0
0,231,1,1,1832,2121,0,0
0,229,1,1,1833,2121,0,0
0,227,1,1,1834,2121,0,0
0,226,1,1,1835,2121,0,0
0,224,1,1,1836,2121,0,0
0,222,1,1,1837,2121,0,0
0,221,1,1,1838,2121,0,0
0,219,1,1,1839,2121,0,0
0,217,1,1,1840,2121,0,0
0,215,1,1,1841,2121,0,0
0,214,1,1,1842,2121,0,0
0,212,1,1,1843,2121,0,0
0,210,1,1,1844,2121,0,0
0,209,1,1,1845,2121,0,0
0,207,1,1,1846,2121,0,0
0,205,1,1,1847,2121,0,0
0,204,1,1,1848,2121,0,0
0,202,1,1,1849,2121,0,0
0,200,1,1,1850,2121,0,0
0,199,1,1,1851,2121,0,0
0,197,1,1,1852,2121,0,0
0,195,1,1,1853,2121,0,0
0,194,1,1,1854,2121,0,0
0,192,1,1,1855,2121,0,0
0,190,1,1,1856,2121,0,0
0,189,1,1,1857,2121,0,0
0,187,1,1,1858,2121,0,0
0,185,1,1,1859,2121,0,0
0,184,1,1,1860,2121,0,0
0,182,1,1,1861,2121,0,0
0,180,1,1,1862,2121,0,0
0,178,1,1,1863,2121,0,0
0,177,1,1,1864,2121,0,0
0,175,1,1,1865,2121,0,0
0,173,1,1,1866,2121,0,0
0,172,1,1,1867,2121,0,0
0,170,1,1,1868,2121,0,0
0,168,1,1,1869,2121,0,0
0,167,1,1,1870,2121,0,0
0,165,1,1,1871,2121,0,0
0,163,1,1,1872,2121,0,0
0,162,1,1,1873,2121,0,0
0,160,1,1,1874,2121,0,0
0,158,1,1,1875,2121,0,0
0,157,1,1,1876,2121,0,0
0,155,1,1,1877,2121,0,0
0,153,1,1,1878,2121,0,0
0,152,1,1,1879,2121,0,0
0,150,1,1,1880,2120,0,0
0,149,1,1,1881,2120,0,0
0,147,1,1,1882,2120,0,0
0,145,1,1,1883,2120,0,0
0,144,1,1,1884,2120,0,0
0,142,1,1,1885,2120,0,0
0,140,1,1,1886,2120,0,0
0,139,1,1,1887,2120,0,0
0,137,1,1,1888,2120,0,0
0,135,1,1,1889,2120,0,0
0,134,1,1,1890,2120,0,0
0,132,1,1,1891,2120,0,0
0,130,1,1,1892,2120,0,0
0,129,1,1,1893,2120,0,0
0,127,1,1,1894,2120,0,0
0,125,1,1,1895,2119,0,0
0,124,1,1,1896,2119,0,0
0,122,1,1,1897,2119,0,0
0,120,1,1,1898,2119,0,0
0,119,1,1,1899,2119,0,0
0,117,1,1,1900,2119,0,0
0,115,1,1,1901,2119,0,0
0,114,1,1,1902,2119,0,0
0,112,1,1,1903,2119,0,0
0,111,1,1,1904,2119,0,0
0,109,1,1,1905,2119,0,0
0,107,1,1,1906,2119,0,0
0,106,1,1,1907,2118,0,0
0,104,1,1,1908,2118,0,0
0,102,1,1,1909,2118,0,0
0,101,1,1,1910,2118,0,0
0,99,1,1,1911,2118,0,0
0,97,1,1,1912,2118,0,0
0,96,1,1,1913,2118,0,0
0,94,1,1,1914,2118,0,0
0,92,1,1,1915,2118,0,0
0,91,1,1,1916,2118,0,0
0,89,1,1,1917,2117,0,0
0,88,1,1,1918,2117,0,0
0,86,1,1,1919,2117,0,0
0,84,1,1,1920,2117,0,0
0,83,1,1,1921,2117,0,0
0,81,1,1,1922,2117,0,0
0,79,1,1,1923,2117,0,0
0,78,1,1,1924,2117,0,0
0,76,1,1,1925,2117,0,0
0,75,1,1,1926,2116,0,0
0,73,1,1,1927,2116,0,0
0,71,1,1,1928,2116,0,0
0,70,1,1,1929,2116,0,0
0,68,1,1,1930,2116,0,0
0,66,1,1,1931,2116,0,0
0,65,1,1,1932,2116,0,0
0,63,1,1,1933,2115,0,0
0,62,1,1,1934,2115,0,0
0,60,1,1,1935,2115,0,0
0,58,1,1,1936,2115,0,0
0,57,1,1,1937,2115,0,0
0,55,1,1,1938,2115,0,0
0,53,1,1,1939,2115,0,0
0,52,1,1,1940,2115,0,0
0,50,1,1,1941,2114,0,0
0,49,1,1,1942,2114,0,0
0,47,1,1,1943,2114,0,0
0,45,1,1,1944,2114,0,0
0,44,1,1,1945,2114,0,0
0,42,1,1,1946,2114,0,0
0,41,1,1,1947,2113,0,0
0,39,1,1,1948,2113,0,0
0,37,1,1,1949,2113,0,0
0,36,1,1,1950,2113,0,0
0,34,1,1,1951,2113,0,0
0,32,1,1,1952,2113,0,0
0,31,1,1,1953,2113,0,0
0,29,1,1,1954,2112,0,0
0,28,1,1,1955,2112,0,0
0,26,1,1,1956,2112,0,0
0,24,1,1,1957,2112,0,0
0,23,1,1,1958,2112,0,0
0,21,1,1,1959,2112,0,0
0,20,1,1,1960,2111,0,0
0,18,1,1,1961,2111,0,0
0,16,1,1,1962,2111,0,0
0,15,1,1,1963,2111,0,0
0,13,1,1,1964,2111,0,0
0,12,1,1,1965,2110,0,0
0,10,1,1,1966,2110,0,0
0,8,1,1,1967,2110,0,0
0,7,1,1,1968,2110,0,0
0,5,1,1,1969,2110,0,0
0,4,1,1,1970,2110,0,0
0,2,1,1,1971,2109,0,0
0,0,1,1,1972,2109,0,0
0,0,1,1,1973,2109,0,0
0,0,2,1,1974,2109,0,0
0,0,1,1,1975,2109,0,0
0,0,2,1,1976,2108,0,0
0,0,1,1,1977,2108,0,0
0,0,2,1,1978,2108,0,0
0,0,1,1,1979,2108,0,0
0,0,2,1,1980,2108,0,0
0,0,1,1,1981,2107,0,0
0,0,2,1,1982,2107,0,0
0,0,1,1,1983,2107,0,0
0,0,2,1,1984,2107,0,0
0,0,1,1,1985,2107,0,0
0,0,2,1,1986,2106,0,0
0,0,1,1,1987,2106,0,0
0,0,2,1,1988,2106,0,0
0,0,1,1,1989,2106,0,0
0,0,2,1,1990,2106,0,0
0,0,1,1,1991,2106,0,0
0,0,2,1,1992,2105,0,0
0,0,1,1,1993,2105,0,0
0,0,2,1,1994,2105,0,0
0,0,1,1,1995,2105,0,0
0,0,2,1,1996,2105,0,0
0,0,1,1,1997,2104,0,0
0,0,2,1,1998,2104,0,0
0,0,1,1,1999,2104,0,0
0,0,2,1,2000,2104,0,0
0,0,1,1,2001,2104,0,0
0,0,2,1,2002,2103,0,0
0,0,1,1,2003,2103,0,0
0,0,2,1,2004,2103,0,0
0,0,1,1,2005,2103,0,0
0,0,2,1,2006,2103,0,0
0,0,1,1,2007,2102,0,0
0,0,2,1,2008,2102,0,0
0,0,1,1,2009,2102,0,0
0,0,2,1,2010,2102,0,0
0,0,1,1,2011,2102,0,0
0,0,2,1,2012,2102,0,0
0,0,1,1,2013,2101,0,0
0,0,2,1,2014,2101,0,0
0,0,1,1,2015,2101,0,0
0,0,2,1,2016,2101,0,0
0,0,1,1,2017,2101,0,0
0,0,2,1,2018,2100,0,0
0,0,1,1,2019,2100,0,0
0,0,2,1,2020,2100,0,0
0,0,1,1,2021,2100,0,0
0,0,2,1,2022,2100,0,0
0,0,1,1,2023,2099,0,0
0,0,2,1,2024,2099,0,0
0,0,1,1,2025,2099,0,0
0,0,2,1,2026,2099,0,0
0,0,1,1,2027,2099,0,0
0,0,2,1,2028,2098,0,0
0,0,1,1,2029,2098,0,0
0,0,2,1,2030,2098,0,0
0,0,1,1,2031,2098,0,0
0,0,2,1,2032,2098,0,0
0,0,1,1,2033,2097,0,0
0,0,2,1,2034,2097,0,0
0,0,1,1,2035,2097,0,0
0,0,2,1,2036,2097,0,0
0,0,1,1,2037,2097,0,0
0,0,2,1,2038,2097,0,0
0,0,1,1,2039,2096,0,0
0,0,2,1,2040,2096,0,0
0,0,1,1,2041,2096,0,0
0,0,2,1,2042,2096,0,0
0,0,1,1,2043,2096,0,0
0,0,2,1,2044,2095,0,0
0,0,1,1,2045,2095,0,0
0,0,2,1,2046,2095,0,0
0,0,1,1,2047,2095,0,0
0,0,2,1,2048,2095,0,0
0,0,1,1,2049,2094,0,0
0,0,2,1,2050,2094,0,0
0,0,1,1,2051,2094,0,0
0,0,2,1,2052,2094,0,0
0,0,1,1,2053,2094,0,0
0,0,2,1,2054,2093,0,0
0,0,1,1,2055,2093,0,0
0,0,2,1,2056,2093,0,0
0,0,1,1,2057,2093,0,0
0,0,2,1,2058,2093,0,0
0,0,1,1,2059,2093,0,0
0,0,2,1,2060,2092,0,0
0,0,1,1,2061,2092,0,0
0,0,2,1,2062,2092,0,0
0,0,1,1,2063,2092,0,0
0,0,2,1,2064,2092,0,0
0,0,1,1,2065,2091,0,0
0,0,2,1,2066,2091,0,0
0,0,1,1,2067,2091,0,0
0,0,2,1,2068,2091,0,0
0,0,1,1,2069,2091,0,0
0,0,2,1,2070,2090,0,0
0,0,1,1,2071,2090,0,0
0,0,2,1,2072,2090,0,0
0,0,1,1,2073,2090,0,0
0,0,2,1,2074,2090,0,0
0,0,1,1,2075,2089,0,0
0,0,2,1,2076,2089,0,0
0,0,1,1,2077,2089,0,0
0,0,2,1,2078,2089,0,0
0,0,1,1,2079,2089,0,0
0,0,2,1,2080,2089,0,0
0,0,1,1,2081,2088,0,0
0,0,2,1,2082,2088,0,0
0,0,1,1,2083,2088,0,0
0,0,2,1,2084,2088,0,0
0,0,1,1,2085,2088,0,0
0,0,2,1,2086,2087,0,0
0,0,1,1,2087,2087,0,0
0,0,2,1,2088,2087,0,0
0,0,1,1,2089,2087,0,0
0,0,2,1,2090,2087,0,0
0,0,1,1,2091,2086,0,0
0,0,2,1,2092,2086,0,0
0,0,1,1,2093,2086,0,0
0,0,2,1,2094,2086,0,0
0,0,1,1,2095,2086,0,0
0,0,2,1,2096,2086,0,0
0,0,1,1,2097,2085,0,0
0,0,2,1,2098,2085,0,0
0,0,1,1,2099,2085,0,0
0,0,2,1,2100,2085,0,0
0,0,1,1,2101,2085,0,0
0,0,2,1,2102,2084,0,0
0,0,1,1,2103,2084,0,0
0,0,2,1,2104,2084,0,0
0,0,1,1,2105,2084,0,0
0,0,2,1,2106,2084,0,0
0,0,1,1,2107,2083,0,0
0,0,2,1,2108,2083,0,0
0,0,1,1,2109,2083,0,0
0,0,2,1,2110,2083,0,0
0,0,1,1,2111,2083,0,0
0,0,2,1,2112,2082,0,0
0,0,1,1,2113,2082,0,0
0,0,2,1,2114,2082,0,0
0,0,1,1,2115,2082,0,0
0,0,2,1,2116,2082,0,0
0,0,1,1,2117,2082,0,0
0,0,2,1,2118,2081,0,0
0,0,1,1,2119,2081,0,0
0,0,2,1,2120,2081,0,0
0,0,1,1,2121,2081,0,0
0,0,2,1,2122,2081,0,0
0,0,1,1,2123,2080,0,0
0,0,2,1,2124,2080,0,0
0,0,1,1,2125,2080,0,0
0,0,2,1,2126,2080,0,0
0,0,1,1,2127,2080,0,0
0,0,2,1,2128,2079,0,0
0,0,1,1,2129,2079,0,0
0,0,2,1,2130,2079,0,0
0,0,1,1,2131,2079,0,0
0,0,2,1,2132,2079,0,0
0,0,1,1,2133,2079,0,0
0,0,2,1,2134,2078,0,0
0,0,1,1,2135,2078,0,0
0,0,2,1,2136,2078,0,0
0,0,1,1,2137,2078,0,0
0,0,2,1,2138,2078,0,0
0,0,1,1,2139,2077,0,0
0,0,2,1,2140,2077,0,0
0,0,1,1,2141,2077,0,0
0,0,2,1,2142,2077,0,0
0,0,1,1,2143,2077,0,0
0,0,2,1,2144,2076,0,0
0,0,1,1,2145,2076,0,0
0,0,2,1,2146,2076,0,0
0,0,1,1,2147,2076,0,0
0,0,2,1,2148,2076,0,0
0,0,1,1,2149,2075,0,0
0,0,2,1,2150,2075,0,0
0,0,1,1,2151,2075,0,0
0,0,2,1,2152,2075,0,0
0,0,1,1,2153,2075,0,0
0,0,2,1,2154,2075,0,0
0,0,1,1,2155,2074,0,0
0,0,2,1,2156,2074,0,0
0,0,1,1,2157,2074,0,0
0,0,2,1,2158,2074,0,0
0,0,1,1,2159,2074,0,0
0,0,2,1,2160,2073,0,0
0,0,1,1,2161,2073,0,0
0,0,2,1,2162,2073,0,0
0,0,1,1,2163,2073,0,0
0,0,2,1,2164,2073,0,0
0,0,1,1,2165,2072,0,0
0,0,2,1,2166,2072,0,0
0,0,1,1,2167,2072,0,0
0,0,2,1,2168,2072,0,0
0,0,1,1,2169,2072,0,0
0,0,2,1,2170,2072,0,0
0,0,1,1,2171,2071,0,0
0,0,2,1,2172,2071,0,0
0,0,1,1,2173,2071,0,0
0,0,2,1,2174,2071,0,0
0,0,1,1,2175,2071,0,0
0,0,2,1,2176,2070,0,0
0,0,1,1,2177,2070,0,0
0,0,2,1,2178,2070,0,0
0,0,1,1,2179,2070,0,0
0,0,2,1,2180,2070,0,0
0,0,1,1,2181,2069,0,0
0,0,2,1,2182,2069,0,0
0,0,1,1,2183,2069,0,0
0,0,2,1,2184,2069,0,0
0,0,1,1,2185,2069,0,0
0,0,2,1,2186,2069,0,0
0,0,1,1,2187,2068,0,0
0,0,2,1,2188,2068,0,0
0,0,1,1,2189,2068,0,0
0,0,2,1,2190,2068,0,0
0,0,1,1,2191,2068,0,0
0,0,2,1,2192,2067,0,0
0,0,1,1,2193,2067,0,0
0,0,2,1,2194,2067,0,0
0,0,1,1,2195,2067,0,0
0,0,2,1,2196,2067,0,0
0,0,1,1,2197,2066,0,0
0,0,2,1,2198,2066,0,0
0,0,1,1,2199,2066,0,0
0,0,2,1,2200,2066,0,0
0,0,1,1,2201,2066,0,0
0,0,2,1,2202,2066,0,0
0,0,1,1,2203,2065,0,0
0,0,2,1,2204,2065,0,0
0,0,1,1,2205,2065,0,0
0,0,2,1,2206,2065,0,0
0,0,1,1,2207,2065,0,0
0,0,2,1,2208,2064,0,0
0,0,1,1,2209,2064,0,0
0,0,2,1,2210,2064,0,0
0,0,1,1,2211,2064,0,0
0,0,2,1,2212,2064,0,0
0,0,1,1,2213,2063,0,0
0,0,2,1,2214,2063,0,0
0,0,1,1,2215,2063,0,0
0,0,2,1,2216,2063,0,0
0,0,1,1,2217,2063,0,0
0,0,2,1,2218,2062,0,0
0,0,1,1,2219,2062,0,0
0,0,2,1,2220,2062,0,0
0,0,1,1,2221,2062,0,0
0,0,2,1,2222,2062,0,0
0,0,1,1,2223,2062,0,0
0,0,2,1,2224,2061,0,0
0,0,1,1,2225,2061,0,0
0,0,2,1,2226,2061,0,0
0,0,1,1,2227,2061,0,0
0,0,2,1,2228,2061,0,0
0,0,1,1,2229,2060,0,0
0,0,2,1,2230,2060,0,0
0,0,1,1,2231,2060,0,0
0,0,2,1,2232,2060,0,0
0,0,1,1,2233,2060,0,0
0,0,2,1,2234,2060,0,0
0,0,1,1,2235,2059,0,0
0,0,2,1,2236,2059,0,0
0,0,1,1,2237,2059,0,0
0,0,2,1,2238,2059,0,0
0,0,1,1,2239,2059,0,0
0,0,2,1,2240,2058,0,0
0,0,1,1,2241,2058,0,0
0,0,2,1,2242,2058,0,0
0,0,1,1,2243,2058,0,0
0,0,2,1,2244,2058,0,0
0,0,1,1,2245,2057,0,0
0,0,2,1,2246,2057,0,0
0,0,1,1,2247,2057,0,0
0,0,2,1,2248,2057,0,0
0,0,1,1,2249,2057,0,0
0,0,2,1,2250,2057,0,0
0,0,1,1,2251,2056,0,0
0,0,2,1,2252,2056,0,0
0,0,1,1,2253,2056,0,0
0,0,2,1,2254,2056,0,0
0,0,1,1,2255,2056,0,0
0,0,2,1,2256,2055,0,0
0,0,1,1,2257,2055,0,0
0,0,2,1,2258,2055,0,0
0,0,1,1,2259,2055,0,0
0,0,2,1,2260,2055,0,0
0,0,1,1,2261,2054,0,0
0,0,2,1,2262,2054,0,0
0,0,1,1,2263,2054,0,0
0,0,2,1,2264,2054,0,0
0,0,1,1,2265,2054,0,0
0,0,2,1,2266,2054,0,0
0,0,1,1,2267,2053,0,0
0,0,2,1,2268,2053,0,0
0,0,1,1,2269,2053,0,0
0,0,2,1,2270,2053,0,0
0,0,1,1,2271,2053,0,0
0,0,2,1,2272,2052,0,0
0,0,1,1,2273,2052,0,0
0,0,2,1,2274,2052,0,0
0,0,1,1,2275,2052,0,0
0,0,2,1,2276,2052,0,0
0,0,1,1,2277,2051,0,0
0,0,2,1,2278,2051,0,0
0,0,1,1,2279,2051,0,0
0,0,2,1,2280,2051,0,0
0,0,1,1,2281,2051,0,0
0,0,2,1,2282,2051,0,0
0,0,1,1,2283,2050,0,0
0,0,2,1,2284,2050,0,0
0,0,1,1,2285,2050,0,0
0,0,2,1,2286,2050,0,0
0,0,1,1,2287,2050,0,0
0,0,2,1,2288,2049,0,0
0,0,1,1,2289,2049,0,0
0,0,2,1,2290,2049,0,0
0,0,1,1,2291,2049,0,0
0,0,2,1,2292,2049,0,0
0,0,1,1,2293,2048,0,0
0,0,2,1,2294,2048,0,0
0,0,1,1,2295,2048,0,0
0,0,2,1,2296,2048,0,0
0,0,1,1,2297,2048,0,0
0,0,2,1,2298,2048,0,0
0,0,1,1,2299,2047,0,0
0,0,2,1,2300,2047,0,0
0,0,1,1,2301,2047,0,0
0,0,2,1,2302,2047,0,0
0,0,1,1,2303,2047,0,0
0,0,2,1,2304,2046,0,0
0,0,1,1,2305,2046,0,0
0,0,2,1,2306,2046,0,0
0,0,1,1,2307,2046,0,0
0,0,2,1,2308,2046,0,0
0,0,1,1,2309,2046,0,0
0,0,2,1,2310,2045,0,0
0,0,1,1,2311,2045,0,0
0,0,2,1,2312,2045,0,0
0,0,1,1,2313,2045,0,0
0,0,2,1,2314,2045,0,0
0,0,1,1,2315,2044,0,0
0,0,2,1,2316,2044,0,0
0,0,1,1,2317,2044,0,0
0,0,2,1,2318,2044,0,0
0,0,1,1,2319,2044,0,0
0,0,2,1,2320,2043,0,0
0,0,1,1,2321,2043,0,0
0,0,2,1,2322,2043,0,0
0,0,1,1,2323,2043,0,0
0,0,2,1,2324,2043,0,0
0,0,1,1,2325,2043,0,0
0,0,2,1,2326,2042,0,0
0,0,1,1,2327,2042,0,0
0,0,2,1,2328,2042,0,0
0,0,1,1,2329,2042,0,0
0,0,2,1,2330,2042,0,0
0,0,1,1,2331,2041,0,0
0,0,2,1,2332,2041,0,0
0,0,1,1,2333,2041,0,0
0,0,2,1,2334,2041,0,0
0,0,1,1,2335,2041,0,0
0,0,2,1,2336,2040,0,0
0,0,1,1,2337,2040,0,0
0,0,2,1,2338,2040,0,0
0,0,1,1,2339,2040,0,0
0,0,2,1,2340,2040,0,0
0,0,1,1,2341,2040,0,0
0,0,2,1,2342,2039,0,0
0,0,1,1,2343,2039,0,0
0,0,2,1,2344,2039,0,0
0,0,1,1,2345,2039,0,0
0,0,2,1,2346,2039,0,0
0,0,1,1,2347,2038,0,0
0,0,2,1,2348,2038,0,0
0,0,1,1,2349,2038,0,0
0,0,2,1,2350,2038,0,0
0,0,1,1,2351,2038,0,0
0,0,2,1,2352,2038,0,0
0,0,1,1,2353,2037,0,0
0,0,2,1,2354,2037,0,0
0,0,1,1,2355,2037,0,0
0,0,2,1,2356,2037,0,0
0,0,1,1,2357,2037,0,0
0,0,2,1,2358,2036,0,0
0,0,1,1,2359,2036,0,0
0,0,2,1,2360,2036,0,0
0,0,1,1,2361,2036,0,0
0,0,2,1,2362,2036,0,0
0,0,1,1,2363,2035,0,0
0,0,2,1,2364,2035,0,0
0,0,1,1,2365,2035,0,0
0,0,2,1,2366,2035,0,0
0,0,1,1,2367,2035,0,0
0,0,2,1,2368,2035,0,0
0,0,1,1,2369,2034,0,0
0,0,2,1,2370,2034,0,0
0,0,1,1,2371,2034,0,0
0,0,2,1,2372,2034,0,0
0,0,1,1,2373,2034,0,0
0,0,2,1,2374,2033,0,0
0,0,1,1,2375,2033,0,0
0,0,2,1,2376,2033,0,0
0,0,1,1,2377,2033,0,0
0,0,2,1,2378,2033,0,0
0,0,1,1,2379,2033,0,0
0,0,2,1,2380,2032,0,0
0,0,1,1,2381,2032,0,0
0,0,2,1,2382,2032,0,0
0,0,1,1,2383,2032,0,0
0,0,2,1,2384,2032,0,0
0,0,1,1,2385,2031,0,0
0,0,2,1,2386,2031,0,0
0,0,1,1,2387,2031,0,0
0,0,2,1,2388,2031,0,0
0,0,1,1,2389,2031,0,0
0,0,2,1,2390,2030,0,0
0,0,1,1,2391,2030,0,0
0,0,2,1,2392,2030,0,0
0,0,1,1,2393,2030,0,0
0,0,2,1,2394,2030,0,0
0,0,1,1,2395,2030,0,0
0,0,2,1,2396,2029,0,0
0,0,1,1,2397,2029,0,0
0,0,2,1,2398,2029,0,0
0,0,1,1,2399,2029,0,0
0,0,2,1,2400,2029,0,0
0,0,1,1,2401,2028,0,0
0,0,2,1,2402,2028,0,0
0,0,1,1,2403,2028,0,0
0,0,2,1,2404,2028,0,0
0,0,1,1,2405,2028,0,0
0,0,2,1,2406,2028,0,0
0,0,1,1,2407,2027,0,0
0,0,2,1,2408,2027,0,0
0,0,1,1,2409,2027,0,0
0,0,2,1,2410,2027,0,0
0,0,1,1,2411,2027,0,0
0,0,2,1,2412,2026,0,0
0,0,1,1,2413,2026,0,0
0,0,2,1,2414,2026,0,0
0,0,1,1,2415,2026,0,0
0,0,2,1,2416,2026,0,0
0,0,1,1,2417,2026,0,0
0,0,2,1,2418,2025,0,0
0,0,1,1,2419,2025,0,0
0,0,2,1,2420,2025,0,0
0,0,1,1,2421,2025,0,0
0,0,2,1,2422,2025,0,0
0,0,1,1,2423,2024,0,0
0,0,2,1,2424,2024,0,0
0,0,1,1,2425,2024,0,0
0,0,2,1,2426,2024,0,0
0,0,1,1,2427,2024,0,0
0,0,2,1,2428,2023,0,0
0,0,1,1,2429,2023,0,0
0,0,2,1,2430,2023,0,0
0,0,1,1,2431,2023,0,0
0,0,2,1,2432,2023,0,0
0,0,1,1,2433,2023,0,0
0,0,2,1,2434,2022,0,0
0,0,1,1,2435,2022,0,0
0,0,2,1,2436,2022,0,0
0,0,1,1,2437,2022,0,0
0,0,2,1,2438,2022,0,0
0,0,1,1,2439,2021,0,0
0,0,2,1,2440,2021,0,0
0,0,1,1,2441,2021,0,0
0,0,2,1,2442,2021,0,0
0,0,1,1,2443,2021,0,0
0,0,2,1,2444,2021,0,0
0,0,1,1,2445,2020,0,0
0,0,2,1,2446,2020,0,0
0,0,1,1,2447,2020,0,0
0,0,2,1,2448,2020,0,0
0,0,1,1,2449,2020,0,0
0,0,2,1,2450,2019,0,0
0,0,1,1,2451,2019,0,0
0,0,2,1,2452,2019,0,0
0,0,1,1,2453,2019,0,0
0,0,2,1,2454,2019,0,0
0,0,1,1,2455,2019,0,0
0,0,2,1,2456,2018,0,0
0,0,1,1,2457,2018,0,0
0,0,2,1,2458,2018,0,0
0,0,1,1,2459,2018,0,0
0,0,2,1,2460,2018,0,0
0,0,1,1,2461,2017,0,0
0,0,2,1,2462,2017,0,0
0,0,1,1,2463,2017,0,0
0,0,2,1,2464,2017,0,0
0,0,1,1,2465,2017,0,0
0,0,2,1,2466,2017,0,0
0,0,1,1,2467,2016,0,0
0,0,2,1,2468,2016,0,0
0,0,1,1,2469,2016,0,0
0,0,2,1,2470,2016,0,0
0,0,1,1,2471,2016,0,0
0,0,2,1,2472,2015,0,0
0,0,1,1,2473,2015,0,0
0,0,2,1,2474,2015,0,0
0,0,1,1,2475,2015,0,0
0,0,2,1,2476,2015,0,0
0,0,1,1,2477,2014,0,0
0,0,2,1,2478,2014,0,0
0,0,1,1,2479,2014,0,0
0,0,2,1,2480,2014,0,0
0,0,1,1,2481,2014,0,0
0,0,2,1,2482,2014,0,0
0,0,1,1,2483,2013,0,0
0,0,2,1,2484,2013,0,0
0,0,1,1,2485,2013,0,0
0,0,2,1,2486,2013,0,0
0,0,1,1,2487,2013,0,0
0,0,2,1,2488,2012,0,0
0,0,1,1,2489,2012,0,0
0,0,2,1,2490,2012,0,0
0,0,1,1,2491,2012,0,0
0,0,2,1,2492,2012,0,0
0,0,1,1,2493,2012,0,0
0,0,2,1,2494,2011,0,0
0,0,1,1,2495,2011,0,0
0,0,2,1,2496,2011,0,0
0,0,1,1,2497,2011,0,0
0,0,2,1,2498,2011,0,0
0,0,1,1,2499,2010,0,0
0,0,2,1,2500,2010,0,0
0,0,1,1,2501,2010,0,0
0,0,2,1,2502,2010,0,0
0,0,1,1,2503,2010,0,0
0,0,2,1,2504,2010,0,0
0,0,1,0,2505,2009,0,0
0,0,2,0,2506,2009,0,0
0,0,0,0,2507,2009,0,0
0,0,0,0,2508,2009,0,0
0,0,0,0,2509,2009,0,0
0,0,0,0,2510,2008,0,0
0,1,0,0,2511,2008,0,0
0,1,0,0,2512,2008,0,0
0,1,0,0,2513,2008,0,0
0,2,0,0,2514,2008,0,0
0,2,0,0,2515,2008,0,0
0,2,0,0,2516,2007,0,0
0,2,0,0,2517,2007,0,0
0,3,0,0,2518,2007,0,0
0,3,0,0,2519,2007,0,0
0,3,0,0,2520,2007,0,0
0,4,0,0,2521,2006,0,0
0,4,0,0,2522,2006,0,0
0,4,0,0,2523,2006,0,0
0,5,0,0,2524,2006,0,0
0,5,0,0,2525,2006,0,0
0,5,0,0,2526,2006,0,0
0,5,0,0,2527,2005,0,0
0,6,0,0,2528,2005,0,0
0,6,0,0,2529,2005,0,0
0,6,0,0,2530,2005,0,0
0,7,0,0,2531,2005,0,0
0,7,0,0,2532,2005,0,0
0,7,0,0,2533,2004,0,0
0,7,0,0,2534,2004,0,0
0,8,0,0,2535,2004,0,0
0,8,0,0,2536,2004,0,0
0,8,0,0,2537,2004,0,0
0,9,0,0,2538,2003,0,0
0,9,0,0,2539,2003,0,0
0,9,0,0,2540,2003,0,0
0,10,0,0,2541,2003,0,0
0,10,0,0,2542,2003,0,0
0,10,0,0,2543,2003,0,0
0,10,0,0,2544,2002,0,0
0,11,0,0,2545,2002,0,0
0,11,0,0,2546,2002,0,0
0,11,0,0,2547,2002,0,0
0,12,0,0,2548,2002,0,0
0,12,0,0,2549,2002,0,0
0,12,0,0,2550,2001,0,0
0,12,0,0,2551,2001,0,0
0,13,0,0,2552,2001,0,0
0,13,0,0,2553,2001,0,0
0,13,0,0,2554,2001,0,0
0,14,0,0,2555,2001,0,0
0,14,0,0,2556,2000,0,0
0,14,0,0,2557,2000,0,0
0,14,0,0,2558,2000,0,0
0,15,0,0,2559,2000,0,0
0,15,0,0,2560,2000,0,0
0,15,0,0,2561,2000,0,0
0,16,0,0,2562,1999,0,0
0,16,0,0,2563,1999,0,0
0,16,0,0,2564,1999,0,0
0,17,0,0,2565,1999,0,0
0,17,0,0,2566,1999,0,0
0,17,0,0,2567,1999,0,0
0,17,0,0,2568,1998,0,0
0,18,0,0,2569,1998,0,0
0,18,0,0,2570,1998,0,0
0,18,0,0,2571,1998,0,0
0,19,0,0,2572,1998,0,0
0,19,0,0,2573,1998,0,0
0,19,0,0,2574,1997,0,0
0,19,0,0,2575,1997,0,0
0,20,0,0,2576,1997,0,0
0,20,0,0,2577,1997,0,0
0,20,0,0,2578,1997,0,0
0,21,0,0,2579,1997,0,0
0,21,0,0,2580,1996,0,0
0,21,0,0,2581,1996,0,0
0,22,0,0,2582,1996,0,0
0,22,0,0,2583,1996,0,0
0,22,0,0,2584,1996,0,0
0,22,0,0,2585,1996,0,0
0,23,0,0,2586,1995,0,0
0,23,0,0,2587,1995,0,0
0,23,0,0,2588,1995,0,0
0,24,0,0,2589,1995,0,0
0,24,0,0,2590,1995,0,0
0,24,0,0,2591,1995,0,0
0,24,0,0,2592,1994,0,0
0,25,0,0,2593,1994,0,0
0,25,0,0,2594,1994,0,0
0,25,0,0,2595,1994,0,0
0,26,0,0,2596,1994,0,0
0,26,0,0,2597,1994,0,0
0,26,0,0,2598,1994,0,0
0,26,0,0,2599,1993,0,0
0,27,0,0,2600,1993,0,0
0,27,0,0,2601,1993,0,0
0,27,0,0,2602,1993,0,0
0,28,0,0,2603,1993,0,0
0,28,0,0,2604,1993,0,0
0,28,0,0,2605,1992,0,0
0,29,0,0,2606,1992,0,0
0,29,0,0,2607,1992,0,0
0,29,0,0,2608,1992,0,0
0,29,0,0,2609,1992,0,0
0,30,0,0,2610,1992,0,0
0,30,0,0,2611,1992,0,0
0,30,0,0,2612,1991,0,0
0,31,0,0,2613,1991,0,0
0,31,0,0,2614,1991,0,0
0,31,0,0,2615,1991,0,0
0,31,0,0,2616,1991,0,0
0,32,0,0,2617,1991,0,0
0,32,0,0,2618,1990,0,0
0,32,0,0,2619,1990,0,0
0,33,0,0,2620,1990,0,0
0,33,0,0,2621,1990,0,0
0,33,0,0,2622,1990,0,0
0,33,0,0,2623,1990,0,0
0,34,0,0,2624,1990,0,0
0,34,0,0,2625,1989,0,0
0,34,0,0,2626,1989,0,0
0,35,0,0,2627,1989,0,0
0,35,0,0,2628,1989,0,0
0,35,0,0,2629,1989,0,0
0,36,0,0,2630,1989,0,0
0,36,0,0,2631,1989,0,0
0,36,0,0,2632,1988,0,0
0,36,0,0,2633,1988,0,0
0,37,0,0,2634,1988,0,0
0,37,0,0,2635,1988,0,0
0,37,0,0,2636,1988,0,0
0,38,0,0,2637,1988,0,0
0,38,0,0,2638,1987,0,0
0,38,0,0,2639,1987,0,0
0,38,0,0,2640,1987,0,0
0,39,0,0,2641,1987,0,0
0,39,0,0,2642,1987,0,0
0,39,0,0,2643,1987,0,0
0,40,0,0,2644,1987,0,0
0,40,0,0,2645,1986,0,0
0,40,0,0,2646,1986,0,0
0,40,0,0,2647,1986,0,0
0,41,0,0,2648,1986,0,0
0,41,0,0,2649,1986,0,0
0,41,0,0,2650,1986,0,0
0,42,0,0,2651,1986,0,0
0,42,0,0,2652,1985,0,0
0,42,0,0,2653,1985,0,0
0,42,0,0,2654,1985,0,0
0,43,0,0,2655,1985,0,0
0,43,0,0,2656,1985,0,0
0,43,0,0,2657,1985,0,0
0,44,0,0,2658,1985,0,0
0,44,0,0,2659,1984,0,0
0,44,0,0,2660,1984,0,0
0,45,0,0,2661,1984,0,0
0,45,0,0,2662,1984,0,0
0,45,0,0,2663,1984,0,0
0,45,0,0,2664,1984,0,0
0,46,0,0,2665,1984,0,0
0,46,0,0,2666,1983,0,0
0,46,0,0,2667,1983,0,0
0,47,0,0,2668,1983,0,0
0,47,0,0,2669,1983,0,0
0,47,0,0,2670,1983,0,0
0,47,0,0,2671,1983,0,0
0,48,0,0,2672,1983,0,0
0,48,0,0,2673,1983,0,0
0,48,0,0,2674,1982,0,0
0,49,0,0,2675,1982,0,0
0,49,0,0,2676,1982,0,0
0,49,0,0,2677,1982,0,0
0,49,0,0,2678,1982,0,0
0,50,0,0,2679,1982,0,0
0,50,0,0,2680,1982,0,0
0,50,0,0,2681,1981,0,0
0,51,0,0,2682,1981,0,0
0,51,0,0,2683,1981,0,0
0,51,0,0,2684,1981,0,0
0,51,0,0,2685,1981,0,0
0,52,0,0,2686,1981,0,0
0,52,0,0,2687,1981,0,0
0,52,0,0,2688,1981,0,0
0,53,0,0,2689,1980,0,0
0,53,0,0,2690,1980,0,0
0,53,0,0,2691,1980,0,0
0,53,0,0,2692,1980,0,0
0,54,0,0,2693,1980,0,0
0,54,0,0,2694,1980,0,0
0,54,0,0,2695,1980,0,0
0,55,0,0,2696,1979,0,0
0,55,0,0,2697,1979,0,0
0,55,0,0,2698,1979,0,0
0,55,0,0,2699,1979,0,0
0,56,0,0,2700,1979,0,0
0,56,0,0,2701,1979,0,0
0,56,0,0,2702,1979,0,0
0,57,0,0,2703,1979,0,0
0,57,0,0,2704,1978,0,0
0,57,0,0,2705,1978,0,0
0,57,0,0,2706,1978,0,0
0,58,0,0,2707,1978,0,0
0,58,0,0,2708,1978,0,0
0,58,0,0,2709,1978,0,0
0,59,0,0,2710,1978,0,0
0,59,0,0,2711,1978,0,0
0,59,0,0,2712,1977,0,0
0,59,0,0,2713,1977,0,0
0,60,0,0,2714,1977,0,0
0,60,0,0,2715,1977,0,0
0,60,0,0,2716,1977,0,0
0,61,0,0,2717,1977,0,0
0,61,0,0,2718,1977,0,0
0,61,0,0,2719,1977,0,0
0,61,0,0,2720,1976,0,0
0,62,0,0,2721,1976,0,0
0,62,0,0,2722,1976,0,0
0,62,0,0,2723,1976,0,0
0,63,0,0,2724,1976,0,0
0,63,0,0,2725,1976,0,0
0,63,0,0,2726,1976,0,0
0,63,0,0,2727,1976,0,0
0,64,0,0,2728,1975,0,0
0,64,0,0,2729,1975,0,0
0,64,0,0,2730,1975,0,0
0,65,0,0,2731,1975,0,0
0,65,0,0,2732,1975,0,0
0,65,0,0,2733,1975,0,0
0,65,0,0,2734,1975,0,0
0,66,0,0,2735,1975,0,0
0,66,0,0,2736,1974,0,0
0,66,0,0,2737,1974,0,0
0,67,0,0,2738,1974,0,0
0,67,0,0,2739,1974,0,0
0,67,0,0,2740,1974,0,0
0,67,0,0,2741,1974,0,0
0,68,0,0,2742,1974,0,0
0,68,0,0,2743,1974,0,0
0,68,0,0,2744,1974,0,0
0,69,0,0,2745,1973,0,0
0,69,0,0,2746,1973,0,0
0,69,0,0,2747,1973,0,0
0,69,0,0,2748,1973,0,0
0,70,0,0,2749,1973,0,0
0,70,0,0,2750,1973,0,0
0,70,0,0,2751,1973,0,0
0,71,0,0,2752,1973,0,0
0,71,0,0,2753,1972,0,0
0,71,0,0,2754,1972,0,0
0,71,0,0,2755,1972,0,0
0,72,0,0,2756,1972,0,0
0,72,0,0,2757,1972,0,0
0,72,0,0,2758,1972,0,0
0,73,0,0,2759,1972,0,0
0,73,0,0,2760,1972,0,0
0,73,0,0,2761,1972,0,0
0,73,0,0,2762,1971,0,0
0,74,0,0,2763,1971,0,0
0,74,0,0,2764,1971,0,0
0,74,0,0,2765,1971,0,0
0,75,0,0,2766,1971,0,0
0,75,0,0,2767,1971,0,0
0,75,0,0,2768,1971,0,0
0,75,0,0,2769,1971,0,0
0,76,0,0,2770,1971,0,0
0,76,0,0,2771,1970,0,0
0,76,0,0,2772,1970,0,0
0,77,0,0,2773,1970,0,0
0,77,0,0,2774,1970,0,0
0,77,0,0,2775,1970,0,0
0,77,0,0,2776,1970,0,0
0,78,0,0,2777,1970,0,0
0,78,0,0,2778,1970,0,0
0,78,0,0,2779,1970,0,0
0,78,0,0,2780,1970,0,0
0,79,0,0,2781,1969,0,0
0,79,0,0,2782,1969,0,0
0,79,0,0,2783,1969,0,0
0,80,0,0,2784,1969,0,0
0,80,0,0,2785,1969,0,0
0,80,0,0,2786,1969,0,0
0,80,0,0,2787,1969,0,0
0,81,0,0,2788,1969,0,0
0,81,0,0,2789,1969,0,0
0,81,0,0,2790,1968,0,0
0,82,0,0,2791,1968,0,0
0,82,0,0,2792,1968,0,0
0,82,0,0,2793,1968,0,0
0,82,0,0,2794,1968,0,0
0,83,0,0,2795,1968,0,0
0,83,0,0,2796,1968,0,0
0,83,0,0,2797,1968,0,0
0,84,0,0,2798,1968,0,0
0,84,0,0,2799,1968,0,0
0,84,0,0,2800,1967,0,0
0,84,0,0,2801,1967,0,0
0,85,0,0,2802,1967,0,0
0,85,0,0,2803,1967,0,0
0,85,0,0,2804,1967,0,0
0,86,0,0,2805,1967,0,0
0,86,0,0,2806,1967,0,0
0,86,0,0,2807,1967,0,0
0,86,0,0,2808,1967,0,0
0,87,0,0,2809,1966,0,0
0,87,0,0,2810,1966,0,0
0,87,0,0,2811,1966,0,0
0,87,0,0,2812,1966,0,0
0,88,0,0,2813,1966,0,0
0,88,0,0,2814,1966,0,0
0,88,0,0,2815,1966,0,0
0,89,0,0,2816,1966,0,0
0,89,0,0,2817,1966,0,0
0,89,0,0,2818,1966,0,0
0,89,0,0,2819,1966,0,0
0,90,0,0,2820,1965,0,0
0,90,0,0,2821,1965,0,0
0,90,0,0,2822,1965,0,0
0,91,0,0,2823,1965,0,0
0,91,0,0,2824,1965,0,0
0,91,0,0,2825,1965,0,0
0,91,0,0,2826,1965,0,0
0,92,0,0,2827,1965,0,0
0,92,0,0,2828,1965,0,0
0,92,0,0,2829,1965,0,0
0,92,0,0,2830,1964,0,0
0,93,0,0,2831,1964,0,0
0,93,0,0,2832,1964,0,0
0,93,0,0,2833,1964,0,0
0,94,0,0,2834,1964,0,0
0,94,0,0,2835,1964,0,0
0,94,0,0,2836,1964,0,0
0,94,0,0,2837,1964,0,0
0,95,0,0,2838,1964,0,0
0,95,0,0,2839,1964,0,0
0,95,0,0,2840,1964,0,0
0,96,0,0,2841,1963,0,0
0,96,0,0,2842,1963,0,0
0,96,0,0,2843,1963,0,0
0,96,0,0,2844,1963,0,0
0,97,0,0,2845,1963,0,0
0,97,0,0,2846,1963,0,0
0,97,0,0,2847,1963,0,0
0,97,0,0,2848,1963,0,0
0,98,0,0,2849,1963,0,0
0,98,0,0,2850,1963,0,0
0,98,0,0,2851,1963,0,0
0,99,0,0,2852,1962,0,0
0,99,0,0,2853,1962,0,0
0,99,0,0,2854,1962,0,0
0,99,0,0,2855,1962,0,0
0,100,0,0,2856,1962,0,0
0,100,0,0,2857,1962,0,0
0,100,0,0,2858,1962,0,0
0,100,0,0,2859,1962,0,0
0,101,0,0,2860,1962,0,0
0,101,0,0,2861,1962,0,0
0,101,0,0,2862,1962,0,0
0,102,0,0,2863,1961,0,0
0,102,0,0,2864,1961,0,0
0,102,0,0,2865,1961,0,0
0,102,0,0,2866,1961,0,0
0,103,0,0,2867,1961,0,0
0,103,0,0,2868,1961,0,0
0,103,0,0,2869,1961,0,0
0,104,0,0,2870,1961,0,0
0,104,0,0,2871,1961,0,0
0,104,0,0,2872,1961,0,0
0,104,0,0,2873,1961,0,0
0,105,0,0,2874,1961,0,0
0,105,0,0,2875,1960,0,0
0,105,0,0,2876,1960,0,0
0,105,0,0,2877,1960,0,0
0,106,0,0,2878,1960,0,0
0,106,0,0,2879,1960,0,0
0,106,0,0,2880,1960,0,0
0,107,0,0,2881,1960,0,0
0,107,0,0,2882,1960,0,0
0,107,0,0,2883,1960,0,0
0,107,0,0,2884,1960,0,0
0,108,0,0,2885,1960,0,0
0,108,0,0,2886,1960,0,0
0,108,0,0,2887,1960,0,0
0,108,0,0,2888,1959,0,0
0,109,0,0,2889,1959,0,0
0,109,0,0,2890,1959,0,0
0,109,0,0,2891,1959,0,0
0,110,0,0,2892,1959,0,0
0,110,0,0,2893,1959,0,0
0,110,0,0,2894,1959,0,0
0,110,0,0,2895,1959,0,0
0,111,0,0,2896,1959,0,0
0,111,0,0,2897,1959,0,0
0,111,0,0,2898,1959,0,0
0,111,0,0,2899,1959,0,0
0,112,0,0,2900,1958,0,0
0,112,0,0,2901,1958,0,0
0,112,0,0,2902,1958,0,0
0,113,0,0,2903,1958,0,0
0,113,0,0,2904,1958,0,0
0,113,0,0,2905,1958,0,0
0,113,0,0,2906,1958,0,0
0,114,0,0,2907,1958,0,0
0,114,0,0,2908,1958,0,0
0,114,0,0,2909,1958,0,0
0,114,0,0,2910,1958,0,0
0,115,0,0,2911,1958,0,0
0,115,0,0,2912,1958,0,0
0,115,0,0,2913,1958,0,0
0,116,0,0,2914,1957,0,0
0,116,0,0,2915,1957,0,0
0,116,0,0,2916,1957,0,0
0,116,0,0,2917,1957,0,0
0,117,0,0,2918,1957,0,0
0,117,0,0,2919,1957,0,0
0,117,0,0,2920,1957,0,0
0,117,0,0,2921,1957,0,0
0,118,0,0,2922,1957,0,0
0,118,0,0,2923,1957,0,0
0,118,0,0,2924,1957,0,0
0,118,0,0,2925,1957,0,0
0,119,0,0,2926,1957,0,0
0,119,0,0,2927,1957,0,0
0,119,0,0,2928,1956,0,0
0,120,0,0,2929,1956,0,0
0,120,0,0,2930,1956,0,0
0,120,0,0,2931,1956,0,0
0,120,0,0,2932,1956,0,0
0,121,0,0,2933,1956,0,0
0,121,0,0,2934,1956,0,0
0,121,0,0,2935,1956,0,0
0,121,0,0,2936,1956,0,0
0,122,0,0,2937,1956,0,0
0,122,0,0,2938,1956,0,0
0,122,0,0,2939,1956,0,0
0,123,0,0,2940,1956,0,0
0,123,0,0,2941,1956,0,0
0,123,0,0,2942,1956,0,0
0,123,0,0,2943,1955,0,0
0,124,0,0,2944,1955,0,0
0,124,0,0,2945,1955,0,0
0,124,0,0,2946,1955,0,0
0,124,0,0,2947,1955,0,0
0,125,0,0,2948,1955,0,0
0,125,0,0,2949,1955,0,0
0,125,0,0,2950,1955,0,0
0,125,0,0,2951,1955,0,0
0,126,0,0,2952,1955,0,0
0,126,0,0,2953,1955,0,0
0,126,0,0,2954,1955,0,0
0,127,0,0,2955,1955,0,0
0,127,0,0,2956,1955,0,0
0,127,0,0,2957,1955,0,0
0,127,0,0,2958,1955,0,0
0,128,0,0,2959,1954,0,0
0,128,0,0,2960,1954,0,0
0,128,0,0,2961,1954,0,0
0,128,0,0,2962,1954,0,0
0,129,0,0,2963,1954,0,0
0,129,0,0,2964,1954,0,0
0,129,0,0,2965,1954,0,0
0,129,0,0,2966,1954,0,0
0,130,0,0,2967,1954,0,0
0,130,0,0,2968,1954,0,0
0,130,0,0,2969,1954,0,0
0,131,0,0,2970,1954,0,0
0,131,0,0,2971,1954,0,0
0,131,0,0,2972,1954,0,0
0,131,0,0,2973,1954,0,0
0,132,0,0,2974,1954,0,0
0,132,0,0,2975,1953,0,0
0,132,0,0,2976,1953,0,0
0,132,0,0,2977,1953,0,0
0,133,0,0,2978,1953,0,0
0,133,0,0,2979,1953,0,0
0,133,0,0,2980,1953,0,0
0,133,0,0,2981,1953,0,0
0,134,0,0,2982,1953,0,0
0,134,0,0,2983,1953,0,0
0,134,0,0,2984,1953,0,0
0,134,0,0,2985,1953,0,0
0,135,0,0,2986,1953,0,0
0,135,0,0,2987,1953,0,0
0,135,0,0,2988,1953,0,0
0,136,0,0,2989,1953,0,0
0,136,0,0,2990,1953,0,0
0,136,0,0,2991,1953,0,0
0,136,0,0,2992,1953,0,0
0,137,0,0,2993,1952,0,0
0,137,0,0,2994,1952,0,0
0,137,0,0,2995,1952,0,0
0,137,0,0,2996,1952,0,0
0,138,0,0,2997,1952,0,0
0,138,0,0,2998,1952,0,0
0,138,0,0,2999,1952,0,0
0,138,0,0,3000,1952,0,0
0,139,0,0,3001,1952,0,0
0,139,0,0,3002,1952,0,0
0,139,0,0,3003,1952,0,0
0,139,0,0,3004,1952,0,0
0,140,0,0,3005,1952,0,0
0,140,0,0,3006,1952,0,0
0,140,0,0,3007,1952,0,0
0,141,0,0,3008,1952,0,0
0,141,0,0,3009,1952,0,0
0,141,0,0,3010,1952,0,0
0,141,0,0,3011,1952,0,0
0,142,0,0,3012,1952,0,0
0,142,0,0,3013,1951,0,0
0,142,0,0,3014,1951,0,0
0,142,0,0,3015,1951,0,0
0,143,0,0,3016,1951,0,0
0,143,0,0,3017,1951,0,0
0,143,0,0,3018,1951,0,0
0,143,0,0,3019,1951,0,0
0,144,0,0,3020,1951,0,0
0,144,0,0,3021,1951,0,0
0,144,0,0,3022,1951,0,0
0,144,0,0,3023,1951,0,0
0,145,0,0,3024,1951,0,0
0,145,0,0,3025,1951,0,0
0,145,0,0,3026,1951,0,0
0,145,0,0,3027,1951,0,0
0,146,0,0,3028,1951,0,0
0,146,0,0,3029,1951,0,0
0,146,0,0,3030,1951,0,0
0,147,0,0,3031,1951,0,0
0,147,0,0,3032,1951,0,0
0,147,0,0,3033,1951,0,0
0,147,0,0,3034,1951,0,0
0,148,0,0,3035,1950,0,0
0,148,0,0,3036,1950,0,0
0,148,0,0,3037,1950,0,0
0,148,0,0,3038,1950,0,0
0,149,0,0,3039,1950,0,0
0,149,0,0,3040,1950,0,0
0,149,0,0,3041,1950,0,0
0,149,0,0,3042,1950,0,0
0,150,0,0,3043,1950,0,0
0,150,0,0,3044,1950,0,0
0,150,0,0,3045,1950,0,0
0,150,0,0,3046,1950,0,0
0,151,0,0,3047,1950,0,0
0,151,0,0,3048,1950,0,0
0,151,0,0,3049,1950,0,0
0,151,0,0,3050,1950,0,0
0,152,0,0,3051,1950,0,0
0,152,0,0,3052,1950,0,0
0,152,0,0,3053,1950,0,0
0,152,0,0,3054,1950,0,0
0,153,0,0,3055,1950,0,0
0,153,0,0,3056,1950,0,0
0,153,0,0,3057,1950,0,0
0,153,0,0,3058,1950,0,0
0,154,0,0,3059,1950,0,0
0,154,0,0,3060,1949,0,0
0,154,0,0,3061,1949,0,0
0,154,0,0,3062,1949,0,0
0,155,0,0,3063,1949,0,0
0,155,0,0,3064,1949,0,0
0,155,0,0,3065,1949,0,0
0,156,0,0,3066,1949,0,0
0,156,0,0,3067,1949,0,0
0,156,0,0,3068,1949,0,0
0,156,0,0,3069,1949,0,0
0,157,0,0,3070,1949,0,0
0,157,0,0,3071,1949,0,0
0,157,0,0,3072,1949,0,0
0,157,0,0,3073,1949,0,0
0,158,0,0,3074,1949,0,0
0,158,0,0,3075,1949,0,0
0,158,0,0,3076,1949,0,0
0,158,0,0,3077,1949,0,0
0,159,0,0,3078,1949,0,0
0,159,0,0,3079,1949,0,0
0,159,0,0,3080,1949,0,0
0,159,0,0,3081,1949,0,0
0,160,0,0,3082,1949,0,0
0,160,0,0,3083,1949,0,0
0,160,0,0,3084,1949,0,0
0,160,0,0,3085,1949,0,0
0,161,0,0,3086,1949,0,0
0,161,0,0,3087,1949,0,0
0,161,0,0,3088,1949,0,0
0,161,0,0,3089,1949,0,0
0,162,0,0,3090,1948,0,0
0,162,0,0,3091,1948,0,0
0,162,0,0,3092,1948,0,0
0,162,0,0,3093,1948,0,0
0,163,0,0,3094,1948,0,0
0,163,0,0,3095,1948,0,0
0,163,0,0,3096,1948,0,0
0,163,0,0,3097,1948,0,0
0,164,0,0,3098,1948,0,0
0,164,0,0,3099,1948,0,0
0,164,0,0,3100,1948,0,0
0,164,0,0,3101,1948,0,0
0,165,0,0,3102,1948,0,0
0,165,0,0,3103,1948,0,0
0,165,0,0,3104,1948,0,0
0,165,0,0,3105,1948,0,0
0,166,0,0,3106,1948,0,0
0,166,0,0,3107,1948,0,0
0,166,0,0,3108,1948,0,0
0,166,0,0,3109,1948,0,0
0,167,0,0,3110,1948,0,0
0,167,0,0,3111,1948,0,0
0,167,0,0,3112,1948,0,0
0,167,0,0,3113,1948,0,0
0,168,0,0,3114,1948,0,0
0,168,0,0,3115,1948,0,0
0,168,0,0,3116,1948,0,0
0,168,0,0,3117,1948,0,0
0,169,0,0,3118,1948,0,0
0,169,0,0,3119,1948,0,0
0,169,0,0,3120,1948,0,0
0,169,0,0,3121,1948,0,0
0,170,0,0,3122,1948,0,0
0,170,0,0,3123,1948,0,0
0,170,0,0,3124,1948,0,0
0,170,0,0,3125,1948,0,0
0,171,0,0,3126,1948,0,0
0,171,0,0,3127,1948,0,0
0,171,0,0,3128,1948,0,0
0,171,0,0,3129,1947,0,0
0,172,0,0,3130,1947,0,0
0,172,0,0,3131,1947,0,0
0,172,0,0,3132,1947,0,0
0,172,0,0,3133,1947,0,0
0,173,0,0,3134,1947,0,0
0,173,0,0,3135,1947,0,0
0,173,0,0,3136,1947,0,0
0,173,0,0,3137,1947,0,0
0,174,0,0,3138,1947,0,0
0,174,0,0,3139,1947,0,0
0,174,0,0,3140,1947,0,0
0,174,0,0,3141,1947,0,0
0,175,0,0,3142,1947,0,0
0,175,0,0,3143,1947,0,0
0,175,0,0,3144,1947,0,0
0,175,0,0,3145,1947,0,0
0,176,0,0,3146,1947,0,0
0,176,0,0,3147,1947,0,0
0,176,0,0,3148,1947,0,0
0,176,0,0,3149,1947,0,0
0,177,0,0,3150,1947,0,0
0,177,0,0,3151,1947,0,0
0,177,0,0,3152,1947,0,0
0,177,0,0,3153,1947,0,0
0,178,0,0,3154,1947,0,0
0,178,0,0,3155,1947,0,0
0,178,0,0,3156,1947,0,0
0,178,0,0,3157,1947,0,0
0,178,0,0,3158,1947,0,0
0,179,0,0,3159,1947,0,0
0,179,0,0,3160,1947,0,0
0,179,0,0,3161,1947,0,0
0,179,0,0,3162,1947,0,0
0,180,0,0,3163,1947,0,0
0,180,0,0,3164,1947,0,0
0,180,0,0,3165,1947,0,0
0,180,0,0,3166,1947,0,0
0,181,0,0,3167,1947,0,0
0,181,0,0,3168,1947,0,0
0,181,0,0,3169,1947,0,0
0,181,0,0,3170,1947,0,0
0,182,0,0,3171,1947,0,0
0,182,0,0,3172,1947,0,0
0,182,0,0,3173,1947,0,0
0,182,0,0,3174,1947,0,0
0,183,0,0,3175,1947,0,0
0,183,0,0,3176,1947,0,0
0,183,0,0,3177,1947,0,0
0,183,0,0,3178,1947,0,0
0,184,0,0,3179,1947,0,0
0,184,0,0,3180,1947,0,0
0,184,0,0,3181,1947,0,0
0,184,0,0,3182,1947,0,0
0,185,0,0,3183,1947,0,0
0,185,0,0,3184,1947,0,0
0,185,0,0,3185,1947,0,0
0,185,0,0,3186,1947,0,0
0,186,0,0,3187,1947,0,0
0,186,0,0,3188,1947,0,0
0,186,0,0,3189,1947,0,0
0,186,0,0,3190,1947,0,0
0,186,0,0,3191,1947,0,0
0,187,0,0,3192,1947,0,0
0,187,0,0,3193,1947,0,0
0,187,0,0,3194,1947,0,0
0,187,0,0,3195,1947,0,0
0,188,0,0,3196,1947,0,0
0,188,0,0,3197,1947,0,0
0,188,0,0,3198,1947,0,0
0,188,0,0,3199,1947,0,0
0,189,0,0,3200,1947,0,0
0,189,0,0,3201,1947,0,0
0,189,0,0,3202,1947,0,0
0,189,0,0,3203,1947,0,0
0,190,0,0,3204,1947,0,0
0,190,0,0,3205,1947,0,0
0,190,0,0,3206,1947,0,0
0,190,0,0,3207,1947,0,0
0,191,0,0,3208,1947,0,0
0,191,0,0,3209,1947,0,0
0,191,0,0,3210,1947,0,0
0,191,0,0,3211,1947,0,0
0,192,0,0,3212,1947,0,0
0,192,0,0,3213,1947,0,0
0,192,0,0,3214,1947,0,0
0,192,0,0,3215,1947,0,0
0,192,0,0,3216,1947,0,0
0,193,0,0,3217,1947,0,0
0,193,0,0,3218,1947,0,0
0,193,0,0,3219,1947,0,0
0,193,0,0,3220,1947,0,0
0,194,0,0,3221,1947,0,0
0,194,0,0,3222,1947,0,0
0,194,0,0,3223,1947,0,0
0,194,0,0,3224,1947,0,0
0,195,0,0,3225,1947,0,0
0,195,0,0,3226,1947,0,0
0,195,0,0,3227,1947,0,0
0,195,0,0,3228,1947,0,0
0,196,0,0,3229,1947,0,0
0,196,0,0,3230,1947,0,0
0,196,0,0,3231,1947,0,0
0,196,0,0,3232,1947,0,0
0,196,0,0,3233,1947,0,0
0,197,0,0,3234,1947,0,0
0,197,0,0,3235,1947,0,0
0,197,0,0,3236,1947,0,0
0,197,0,0,3237,1947,0,0
0,198,0,0,3238,1947,0,0
0,198,0,0,3239,1947,0,0
0,198,0,0,3240,1947,0,0
0,198,0,0,3241,1947,0,0
0,199,0,0,3242,1947,0,0
0,199,0,0,3243,1947,0,0
0,199,0,0,3244,1947,0,0
0,199,0,0,3245,1947,0,0
0,200,0,0,3246,1947,0,0
0,200,0,0,3247,1947,0,0
0,200,0,0,3248,1947,0,0
0,200,0,0,3249,1947,0,0
0,200,0,0,3250,1947,0,0
0,201,0,0,3251,1947,0,0
0,201,0,0,3252,1947,0,0
0,201,0,0,3253,1947,0,0
0,201,0,0,3254,1947,0,0
0,202,0,0,3255,1947,0,0
0,202,0,0,3256,1947,0,0
0,202,0,0,3257,1947,0,0
0,202,0,0,3258,1947,0,0
0,203,0,0,3259,1947,0,0
0,203,0,0,3260,1947,0,0
0,203,0,0,3261,1947,0,0
0,203,0,0,3262,1947,0,0
0,203,0,0,3263,1947,0,0
0,204,0,0,3264,1947,0,0
0,204,0,0,3265,1947,0,0
0,204,0,0,3266,1947,0,0
0,204,0,0,3267,1947,0,0
0,205,0,0,3268,1947,0,0
0,205,0,0,3269,1947,0,0
0,205,0,0,3270,1947,0,0
0,205,0,0,3271,1947,0,0
0,206,0,0,3272,1947,0,0
0,206,0,0,3273,1947,0,0
0,206,0,0,3274,1947,0,0
0,206,0,0,3275,1947,0,0
0,206,0,0,3276,1947,0,0
0,207,0,0,3277,1947,0,0
0,207,0,0,3278,1947,0,0
0,207,0,0,3279,1947,0,0
0,207,0,0,3280,1947,0,0
0,208,0,0,3281,1947,0,0
0,208,0,0,3282,1947,0,0
0,208,0,0,3283,1947,0,0
0,208,0,0,3284,1947,0,0
0,209,0,0,3285,1947,0,0
0,209,0,0,3286,1947,0,0
0,209,0,0,3287,1947,0,0
0,209,0,0,3288,1947,0,0
0,209,0,0,3289,1947,0,0
0,210,0,0,3290,1947,0,0
0,210,0,0,3291,1947,0,0
0,210,0,0,3292,1947,0,0
0,210,0,0,3293,1947,0,0
0,211,0,0,3294,1947,0,0
0,211,0,0,3295,1947,0,0
0,211,0,0,3296,1947,0,0
0,211,0,0,3297,1947,0,0
0,211,0,0,3298,1947,0,0
0,212,0,0,3299,1947,0,0
0,212,0,0,3300,1947,0,0
0,212,0,0,3301,1947,0,0
0,212,0,0,3302,1947,0,0
0,213,0,0,3303,1947,0,0
0,213,0,0,3304,1947,0,0
0,213,0,0,3305,1947,0,0
0,213,0,0,3306,1947,0,0
0,213,0,0,3307,1947,0,0
0,214,0,0,3308,1947,0,0
0,214,0,0,3309,1947,0,0
0,214,0,0,3310,1947,0,0
0,214,0,0,3311,1947,0,0
0,215,0,0,3312,1947,0,0
0,215,0,0,3313,1947,0,0
0,215,0,0,3314,1947,0,0
0,215,0,0,3315,1947,0,0
0,216,0,0,3316,1947,0,0
0,216,0,0,3317,1947,0,0
0,216,0,0,3318,1947,0,0
0,216,0,0,3319,1947,0,0
0,216,0,0,3320,1947,0,0
0,217,0,0,3321,1947,0,0
0,217,0,0,3322,1948,0,0
0,217,0,0,3323,1948,0,0
0,217,0,0,3324,1948,0,0
0,218,0,0,3325,1948,0,0
0,218,0,0,3326,1948,0,0
0,218,0,0,3327,1948,0,0
0,218,0,0,3328,1948,0,0
0,218,0,0,3329,1948,0,0
0,219,0,0,3330,1948,0,0
0,219,0,0,3331,1948,0,0
0,219,0,0,3332,1948,0,0
0,219,0,0,3333,1948,0,0
0,220,0,0,3334,1948,0,0
0,220,0,0,3335,1948,0,0
0,220,0,0,3336,1948,0,0
0,220,0,0,3337,1948,0,0
0,220,0,0,3338,1948,0,0
0,221,0,0,3339,1948,0,0
0,221,0,0,3340,1948,0,0
0,221,0,0,3341,1948,0,0
0,221,0,0,3342,1948,0,0
0,222,0,0,3343,1948,0,0
0,222,0,0,3344,1948,0,0
0,222,0,0,3345,1948,0,0
0,222,0,0,3346,1948,0,0
0,222,0,0,3347,1948,0,0
0,223,0,0,3348,1948,0,0
0,223,0,0,3349,1948,0,0
0,223,0,0,3350,1948,0,0
0,223,0,0,3351,1948,0,0
0,223,0,0,3352,1948,0,0
0,224,0,0,3353,1948,0,0
0,224,0,0,3354,1948,0,0
0,224,0,0,3355,1948,0,0
0,224,0,0,3356,1948,0,0
0,225,0,0,3357,1948,0,0
0,225,0,0,3358,1948,0,0
0,225,0,0,3359,1948,0,0
0,225,0,0,3360,1948,0,0
0,225,0,0,3361,1948,0,0
0,226,0,0,3362,1948,0,0
0,226,0,0,3363,1949,0,0
0,226,0,0,3364,1949,0,0
0,226,0,0,3365,1949,0,0
0,227,0,0,3366,1949,0,0
0,227,0,0,3367,1949,0,0
0,227,0,0,3368,1949,0,0
0,227,0,0,3369,1949,0,0
0,227,0,0,3370,1949,0,0
0,228,0,0,3371,1949,0,0
0,228,0,0,3372,1949,0,0
0,228,0,0,3373,1949,0,0
0,228,0,0,3374,1949,0,0
0,228,0,0,3375,1949,0,0
0,229,0,0,3376,1949,0,0
0,229,0,0,3377,1949,0,0
0,229,0,0,3378,1949,0,0
0,229,0,0,3379,1949,0,0
0,230,0,0,3380,1949,0,0
0,230,0,0,3381,1949,0,0
0,230,0,0,3382,1949,0,0
0,230,0,0,3383,1949,0,0
0,230,0,0,3384,1949,0,0
0,231,0,0,3385,1949,0,0
0,231,0,0,3386,1949,0,0
0,231,0,0,3387,1949,0,0
0,231,0,0,3388,1949,0,0
0,231,0,0,3389,1949,0,0
0,232,0,0,3390,1949,0,0
0,232,0,0,3391,1949,0,0
0,232,0,0,3392,1949,0,0
0,232,0,0,3393,1949,0,0
0,233,0,0,3394,1949,0,0
0,233,0,0,3395,1950,0,0
0,233,0,0,3396,1950,0,0
0,233,0,0,3397,1950,0,0
0,233,0,0,3398,1950,0,0
0,234,0,0,3399,1950,0,0
0,234,0,0,3400,1950,0,0
0,234,0,0,3401,1950,0,0
0,234,0,0,3402,1950,0,0
0,234,0,0,3403,1950,0,0
0,235,0,0,3404,1950,0,0
0,235,0,0,3405,1950,0,0
0,235,0,0,3406,1950,0,0
0,235,0,0,3407,1950,0,0
0,236,0,0,3408,1950,0,0
0,236,0,0,3409,1950,0,0
0,236,0,0,3410,1950,0,0
0,236,0,0,3411,1950,0,0
0,236,0,0,3412,1950,0,0
0,237,0,0,3413,1950,0,0
0,237,0,0,3414,1950,0,0
0,237,0,0,3415,1950,0,0
0,237,0,0,3416,1950,0,0
0,237,0,0,3417,1950,0,0
0,238,0,0,3418,1950,0,0
0,238,0,0,3419,1950,0,0
0,238,0,0,3420,1950,0,0
0,238,0,0,3421,1950,0,0
0,238,0,0,3422,1951,0,0
0,239,0,0,3423,1951,0,0
0,239,0,0,3424,1951,0,0
0,239,0,0,3425,1951,0,0
0,239,0,0,3426,1951,0,0
0,240,0,0,3427,1951,0,0
0,240,0,0,3428,1951,0,0
0,240,0,0,3429,1951,0,0
0,240,0,0,3430,1951,0,0
0,240,0,0,3431,1951,0,0
0,241,0,0,3432,1951,0,0
0,241,0,0,3433,1951,0,0
0,241,0,0,3434,1951,0,0
0,241,0,0,3435,1951,0,0
0,241,0,0,3436,1951,0,0
0,242,0,0,3437,1951,0,0
0,242,0,0,3438,1951,0,0
0,242,0,0,3439,1951,0,0
0,242,0,0,3440,1951,0,0
0,242,0,0,3441,1951,0,0
0,243,0,0,3442,1951,0,0
0,243,0,0,3443,1951,0,0
0,243,0,0,3444,1951,0,0
0,243,0,0,3445,1951,0,0
0,243,0,0,3446,1952,0,0
0,244,0,0,3447,1952,0,0
0,244,0,0,3448,1952,0,0
0,244,0,0,3449,1952,0,0
0,244,0,0,3450,1952,0,0
0,244,0,0,3451,1952,0,0
0,245,0,0,3452,1952,0,0
0,245,0,0,3453,1952,0,0
0,245,0,0,3454,1952,0,0
0,245,0,0,3455,1952,0,0
0,245,0,0,3456,1952,0,0
0,246,0,0,3457,1952,0,0
0,246,0,0,3458,1952,0,0
0,246,0,0,3459,1952,0,0
0,246,0,0,3460,1952,0,0
0,247,0,0,3461,1952,0,0
0,247,0,0,3462,1952,0,0
0,247,0,0,3463,1952,0,0
0,247,0,0,3464,1952,0,0
0,247,0,0,3465,1952,0,0
0,248,0,0,3466,1952,0,0
0,248,0,0,3467,1953,0,0
0,248,0,0,3468,1953,0,0
0,248,0,0,3469,1953,0,0
0,248,0,0,3470,1953,0,0
0,249,0,0,3471,1953,0,0
0,249,0,0,3472,1953,0,0
0,249,0,0,3473,1953,0,0
0,249,0,0,3474,1953,0,0
0,249,0,0,3475,1953,0,0
0,250,0,0,3476,1953,0,0
0,250,0,0,3477,1953,0,0
0,250,0,0,3478,1953,0,0
0,250,0,0,3479,1953,0,0
0,250,0,0,3480,1953,0,0
0,251,0,0,3481,1953,0,0
0,251,0,0,3482,1953,0,0
0,251,0,0,3483,1953,0,0
0,251,0,0,3484,1953,0,0
0,251,0,0,3485,1953,0,0
0,252,0,0,3486,1953,0,0
0,252,0,0,3487,1954,0,0
0,252,0,0,3488,1954,0,0
0,252,0,0,3489,1954,0,0
0,252,0,0,3490,1954,0,0
0,253,0,0,3491,1954,0,0
0,253,0,0,3492,1954,0,0
0,253,0,0,3493,1954,0,0
0,253,0,0,3494,1954,0,0
0,253,0,0,3495,1954,0,0
0,254,0,0,3496,1954,0,0
0,254,0,0,3497,1954,0,0
0,254,0,0,3498,1954,0,0
0,254,0,0,3499,1954,0,0
0,254,0,0,3500,1954,0,0
0,255,0,0,3501,1954,0,0
0,255,0,0,3502,1954,0,0
0,255,0,0,3503,1954,0,0
0,255,0,0,3504,1954,0,0
0,255,0,0,3505,1954,0,0
0,256,0,0,3506,1955,0,0
0,256,0,0,3507,1955,0,0
0,256,0,0,3508,1955,0,0
0,256,0,0,3509,1955,0,0
0,256,0,0,3510,1955,0,0
0,256,0,0,3511,1955,0,0
0,257,0,0,3512,1955,0,0
0,257,0,0,3513,1955,0,0
0,257,0,0,3514,1955,0,0
0,257,0,0,3515,1955,0,0
0,257,0,0,3516,1955,0,0
0,258,0,0,3517,1955,0,0
0,258,0,0,3518,1955,0,0
0,258,0,0,3519,1955,0,0
0,258,0,0,3520,1955,0,0
0,258,0,0,3521,1955,0,0
0,259,0,0,3522,1955,0,0
0,259,0,0,3523,1955,0,0
0,259,0,0,3524,1956,0,0
0,259,0,0,3525,1956,0,0
0,259,0,0,3526,1956,0,0
0,260,0,0,3527,1956,0,0
0,260,0,0,3528,1956,0,0
0,260,0,0,3529,1956,0,0
0,260,0,0,3530,1956,0,0
0,260,0,0,3531,1956,0,0
0,261,0,0,3532,1956,0,0
0,261,0,0,3533,1956,0,0
0,261,0,0,3534,1956,0,0
0,261,0,0,3535,1956,0,0
0,261,0,0,3536,1956,0,0
0,262,0,0,3537,1956,0,0
0,262,0,0,3538,1956,0,0
0,262,0,0,3539,1956,0,0
0,262,0,0,3540,1956,0,0
0,262,0,0,3541,1957,0,0
0,262,0,0,3542,1957,0,0
0,263,0,0,3543,1957,0,0
0,263,0,0,3544,1957,0,0
0,263,0,0,3545,1957,0,0
0,263,0,0,3546,1957,0,0
0,263,0,0,3547,1957,0,0
0,264,0,0,3548,1957,0,0
0,264,0,0,3549,1957,0,0
0,264,0,0,3550,1957,0,0
0,264,0,0,3551,1957,0,0
0,264,0,0,3552,1957,0,0
0,265,0,0,3553,1957,0,0
0,265,0,0,3554,1957,0,0
0,265,0,0,3555,1957,0,0
0,265,0,0,3556,1957,0,0
0,265,0,0,3557,1958,0,0
0,266,0,0,3558,1958,0,0
0,266,0,0,3559,1958,0,0
0,266,0,0,3560,1958,0,0
0,266,0,0,3561,1958,0,0
0,266,0,0,3562,1958,0,0
0,266,0,0,3563,1958,0,0
0,267,0,0,3564,1958,0,0
0,267,0,0,3565,1958,0,0
0,267,0,0,3566,1958,0,0
0,267,0,0,3567,1958,0,0
0,267,0,0,3568,1958,0,0
0,268,0,0,3569,1958,0,0
0,268,0,0,3570,1958,0,0
0,268,0,0,3571,1958,0,0
0,268,0,0,3572,1959,0,0
0,268,0,0,3573,1959,0,0
0,269,0,0,3574,1959,0,0
0,269,0,0,3575,1959,0,0
0,269,0,0,3576,1959,0,0
0,269,0,0,3577,1959,0,0
0,269,0,0,3578,1959,0,0
0,269,0,0,3579,1959,0,0
0,270,0,0,3580,1959,0,0
0,270,0,0,3581,1959,0,0
0,270,0,0,3582,1959,0,0
0,270,0,0,3583,1959,0,0
0,270,0,0,3584,1959,0,0
0,271,0,0,3585,1959,0,0
0,271,0,0,3586,1959,0,0
0,271,0,0,3587,1960,0,0
0,271,0,0,3588,1960,0,0
0,271,0,0,3589,1960,0,0
0,272,0,0,3590,1960,0,0
0,272,0,0,3591,1960,0,0
0,272,0,0,3592,1960,0,0
0,272,0,0,3593,1960,0,0
0,272,0,0,3594,1960,0,0
0,272,0,0,3595,1960,0,0
0,273,0,0,3596,1960,0,0
0,273,0,0,3597,1960,0,0
0,273,0,0,3598,1960,0,0
0,273,0,0,3599,1960,0,0
0,273,0,0,3600,1960,0,0
0,274,0,0,3601,1960,0,0
0,274,0,0,3602,1961,0,0
0,274,0,0,3603,1961,0,0
0,274,0,0,3604,1961,0,0
0,274,0,0,3605,1961,0,0
0,274,0,0,3606,1961,0,0
0,275,0,0,3607,1961,0,0
0,275,0,0,3608,1961,0,0
0,275,0,0,3609,1961,0,0
0,275,0,0,3610,1961,0,0
0,275,0,0,3611,1961,0,0
0,276,0,0,3612,1961,0,0
0,276,0,0,3613,1961,0,0
0,276,0,0,3614,1961,0,0
0,276,0,0,3615,1962,0,0
0,276,0,0,3616,1962,0,0
0,276,0,0,3617,1962,0,0
0,277,0,0,3618,1962,0,0
0,277,0,0,3619,1962,0,0
0,277,0,0,3620,1962,0,0
0,277,0,0,3621,1962,0,0
0,277,0,0,3622,1962,0,0
0,278,0,0,3623,1962,0,0
0,278,0,0,3624,1962,0,0
0,278,0,0,3625,1962,0,0
0,278,0,0,3626,1962,0,0
0,278,0,0,3627,1962,0,0
0,278,0,0,3628,1962,0,0
0,279,0,0,3629,1963,0,0
0,279,0,0,3630,1963,0,0
0,279,0,0,3631,1963,0,0
0,279,0,0,3632,1963,0,0
0,279,0,0,3633,1963,0,0
0,279,0,0,3634,1963,0,0
0,280,0,0,3635,1963,0,0
0,280,0,0,3636,1963,0,0
0,280,0,0,3637,1963,0,0
0,280,0,0,3638,1963,0,0
0,280,0,0,3639,1963,0,0
0,281,0,0,3640,1963,0,0
0,281,0,0,3641,1963,0,0
0,281,0,0,3642,1964,0,0
0,281,0,0,3643,1964,0,0
0,281,0,0,3644,1964,0,0
0,281,0,0,3645,1964,0,0
0,282,0,0,3646,1964,0,0
0,282,0,0,3647,1964,0,0
0,282,0,0,3648,1964,0,0
0,282,0,0,3649,1964,0,0
0,282,0,0,3650,1964,0,0
0,282,0,0,3651,1964,0,0
0,283,0,0,3652,1964,0,0
0,283,0,0,3653,1964,0,0
0,283,0,0,3654,1964,0,0
0,283,0,0,3655,1965,0,0
0,283,0,0,3656,1965,0,0
0,284,0,0,3657,1965,0,0
0,284,0,0,3658,1965,0,0
0,284,0,0,3659,1965,0,0
0,284,0,0,3660,1965,0,0
0,284,0,0,3661,1965,0,0
0,284,0,0,3662,1965,0,0
0,285,0,0,3663,1965,0,0
0,285,0,0,3664,1965,0,0
0,285,0,0,3665,1965,0,0
0,285,0,0,3666,1965,0,0
0,285,0,0,3667,1966,0,0
0,285,0,0,3668,1966,0,0
0,286,0,0,3669,1966,0,0
0,286,0,0,3670,1966,0,0
0,286,0,0,3671,1966,0,0
0,286,0,0,3672,1966,0,0
0,286,0,0,3673,1966,0,0
0,286,0,0,3674,1966,0,0
0,287,0,0,3675,1966,0,0
0,287,0,0,3676,1966,0,0
0,287,0,0,3677,1966,0,0
0,287,0,0,3678,1966,0,0
0,287,0,0,3679,1966,0,0
0,287,0,0,3680,1967,0,0
0,288,0,0,3681,1967,0,0
0,288,0,0,3682,1967,0,0
0,288,0,0,3683,1967,0,0
0,288,0,0,3684,1967,0,0
0,288,0,0,3685,1967,0,0
0,288,0,0,3686,1967,0,0
0,289,0,0,3687,1967,0,0
0,289,0,0,3688,1967,0,0
0,289,0,0,3689,1967,0,0
0,289,0,0,3690,1967,0,0
0,289,0,0,3691,1967,0,0
0,290,0,0,3692,1968,0,0
0,290,0,0,3693,1968,0,0
0,290,0,0,3694,1968,0,0
0,290,0,0,3695,1968,0,0
0,290,0,0,3696,1968,0,0
0,290,0,0,3697,1968,0,0
0,291,0,0,3698,1968,0,0
0,291,0,0,3699,1968,0,0
0,291,0,0,3700,1968,0,0
0,291,0,0,3701,1968,0,0
0,291,0,0,3702,1968,0,0
0,291,0,0,3703,1969,0,0
0,292,0,0,3704,1969,0,0
0,292,0,0,3705,1969,0,0
0,292,0,0,3706,1969,0,0
0,292,0,0,3707,1969,0,0
0,292,0,0,3708,1969,0,0
0,292,0,0,3709,1969,0,0
0,293,0,0,3710,1969,0,0
0,293,0,0,3711,1969,0,0
0,293,0,0,3712,1969,0,0
0,293,0,0,3713,1969,0,0
0,293,0,0,3714,1969,0,0
0,293,0,0,3715,1970,0,0
0,293,0,0,3716,1970,0,0
0,294,0,0,3717,1970,0,0
0,294,0,0,3718,1970,0,0
0,294,0,0,3719,1970,0,0
0,294,0,0,3720,1970,0,0
0,294,0,0,3721,1970,0,0
0,294,0,0,3722,1970,0,0
0,295,0,0,3723,1970,0,0
0,295,0,0,3724,1970,0,0
0,295,0,0,3725,1970,0,0
0,295,0,0,3726,1971,0,0
0,295,0,0,3727,1971,0,0
0,295,0,0,3728,1971,0,0
0,296,0,0,3729,1971,0,0
0,296,0,0,3730,1971,0,0
0,296,0,0,3731,1971,0,0
0,296,0,0,3732,1971,0,0
0,296,0,0,3733,1971,0,0
0,296,0,0,3734,1971,0,0
0,297,0,0,3735,1971,0,0
0,297,0,0,3736,1971,0,0
0,297,0,0,3737,1972,0,0
0,297,0,0,3738,1972,0,0
0,297,0,0,3739,1972,0,0
0,297,0,0,3740,1972,0,0
0,298,0,0,3741,1972,0,0
0,298,0,0,3742,1972,0,0
0,298,0,0,3743,1972,0,0
0,298,0,0,3744,1972,0,0
0,298,0,0,3745,1972,0,0
0,298,0,0,3746,1972,0,0
0,299,0,0,3747,1972,0,0
0,299,0,0,3748,1973,0,0
0,299,0,0,3749,1973,0,0
0,299,0,0,3750,1973,0,0
0,299,0,0,3751,1973,0,0
0,299,0,0,3752,1973,0,0
0,299,0,0,3753,1973,0,0
0,300,0,0,3754,1973,0,0
0,300,0,0,3755,1973,0,0
0,300,0,0,3756,1973,0,0
0,300,0,0,3757,1973,0,0
0,300,0,0,3758,1973,0,0
0,300,0,0,3759,1974,0,0
0,301,0,0,3760,1974,0,0
0,301,0,0,3761,1974,0,0
0,301,0,0,3762,1974,0,0
0,301,0,0,3763,1974,0,0
0,301,0,0,3764,1974,0,0
0,301,0,0,3765,1974,0,0
0,302,0,0,3766,1974,0,0
0,302,0,0,3767,1974,0,0
0,302,0,0,3768,1974,0,0
0,302,0,0,3769,1975,0,0
0,302,0,0,3770,1975,0,0
0,302,0,0,3771,1975,0,0
0,302,0,0,3772,1975,0,0
0,303,0,0,3773,1975,0,0
0,303,0,0,3774,1975,0,0
0,303,0,0,3775,1975,0,0
0,303,0,0,3776,1975,0,0
0,303,0,0,3777,1975,0,0
0,303,0,0,3778,1975,0,0
0,304,0,0,3779,1975,0,0
0,304,0,0,3780,1976,0,0
0,304,0,0,3781,1976,0,0
0,304,0,0,3782,1976,0,0
0,304,0,0,3783,1976,0,0
0,304,0,0,3784,1976,0,0
0,304,0,0,3785,1976,0,0
0,305,0,0,3786,1976,0,0
0,305,0,0,3787,1976,0,0
0,305,0,0,3788,1976,0,0
0,305,0,0,3789,1976,0,0
0,305,0,0,3790,1977,0,0
0,305,0,0,3791,1977,0,0
0,306,0,0,3792,1977,0,0
0,306,0,0,3793,1977,0,0
0,306,0,0,3794,1977,0,0
0,306,0,0,3795,1977,0,0
0,306,0,0,3796,1977,0,0
0,306,0,0,3797,1977,0,0
0,306,0,0,3798,1977,0,0
0,307,0,0,3799,1977,0,0
0,307,0,0,3800,1978,0,0
0,307,0,0,3801,1978,0,0
0,307,0,0,3802,1978,0,0
0,307,0,0,3803,1978,0,0
0,307,0,0,3804,1978,0,0
0,308,0,0,3805,1978,0,0
0,308,0,0,3806,1978,0,0
0,308,0,0,3807,1978,0,0
0,308,0,0,3808,1978,0,0
0,308,0,0,3809,1978,0,0
0,308,0,0,3810,1979,0,0
0,308,0,0,3811,1979,0,0
0,309,0,0,3812,1979,0,0
0,309,0,0,3813,1979,0,0
0,309,0,0,3814,1979,0,0
0,309,0,0,3815,1979,0,0
0,309,0,0,3816,1979,0,0
0,309,0,0,3817,1979,0,0
0,309,0,0,3818,1979,0,0
0,310,0,0,3819,1979,0,0
0,310,0,0,3820,1980,0,0
0,310,0,0,3821,1980,0,0
0,310,0,0,3822,1980,0,0
0,310,0,0,3823,1980,0,0
0,310,0,0,3824,1980,0,0
0,311,0,0,3825,1980,0,0
0,311,0,0,3826,1980,0,0
0,311,0,0,3827,1980,0,0
0,311,0,0,3828,1980,0,0
0,311,0,0,3829,1980,0,0
0,311,0,0,3830,1981,0,0
0,311,0,0,3831,1981,0,0
0,312,0,0,3832,1981,0,0
0,312,0,0,3833,1981,0,0
0,312,0,0,3834,1981,0,0
0,312,0,0,3835,1981,0,0
0,312,0,0,3836,1981,0,0
0,312,0,0,3837,1981,0,0
0,312,0,0,3838,1981,0,0
0,313,0,0,3839,1982,0,0
0,313,0,0,3840,1982,0,0
0,313,0,0,3841,1982,0,0
0,313,0,0,3842,1982,0,0
0,313,0,0,3843,1982,0,0
0,313,0,0,3844,1982,0,0
0,313,0,0,3845,1982,0,0
0,314,0,0,3846,1982,0,0
0,314,0,0,3847,1982,0,0
0,314,0,0,3848,1982,0,0
0,314,0,0,3849,1983,0,0
0,314,0,0,3850,1983,0,0
0,314,0,0,3851,1983,0,0
0,314,0,0,3852,1983,0,0
0,315,0,0,3853,1983,0,0
0,315,0,0,3854,1983,0,0
0,315,0,0,3855,1983,0,0
0,315,0,0,3856,1983,0,0
0,315,0,0,3857,1983,0,0
0,315,0,0,3858,1984,0,0
0,315,0,0,3859,1984,0,0
0,316,0,0,3860,1984,0,0
0,316,0,0,3861,1984,0,0
0,316,0,0,3862,1984,0,0
0,316,0,0,3863,1984,0,0
0,316,0,0,3864,1984,0,0
0,316,0,0,3865,1984,0,0
0,316,0,0,3866,1984,0,0
0,317,0,0,3867,1984,0,0
0,317,0,0,3868,1985,0,0
0,317,0,0,3869,1985,0,0
0,317,0,0,3870,1985,0,0
0,317,0,0,3871,1985,0,0
0,317,0,0,3872,1985,0,0
0,317,0,0,3873,1985,0,0
0,318,0,0,3874,1985,0,0
0,318,0,0,3875,1985,0,0
0,318,0,0,3876,1985,0,0
0,318,0,0,3877,1986,0,0
0,318,0,0,3878,1986,0,0
0,318,0,0,3879,1986,0,0
0,318,0,0,3880,1986,0,0
0,319,0,0,3881,1986,0,0
0,319,0,0,3882,1986,0,0
0,319,0,0,3883,1986,0,0
0,319,0,0,3884,1986,0,0
0,319,0,0,3885,1986,0,0
0,319,0,0,3886,1987,0,0
0,319,0,0,3887,1987,0,0
0,320,0,0,3888,1987,0,0
0,320,0,0,3889,1987,0,0
0,320,0,0,3890,1987,0,0
0,320,0,0,3891,1987,0,0
0,320,0,0,3892,1987,0,0
0,320,0,0,3893,1987,0,0
0,320,0,0,3894,1987,0,0
0,320,0,0,3895,1988,0,0
0,321,0,0,3896,1988,0,0
0,321,0,0,3897,1988,0,0
0,321,0,0,3898,1988,0,0
0,321,0,0,3899,1988,0,0
0,321,0,0,3900,1988,0,0
0,321,0,0,3901,1988,0,0
0,321,0,0,3902,1988,0,0
0,322,0,0,3903,1988,0,0
0,322,0,0,3904,1989,0,0
0,322,0,0,3905,1989,0,0
0,322,0,0,3906,1989,0,0
0,322,0,0,3907,1989,0,0
0,322,0,0,3908,1989,0,0
0,322,0,0,3909,1989,0,0
0,323,0,0,3910,1989,0,0
0,323,0,0,3911,1989,0,0
0,323,0,0,3912,1989,0,0
0,323,0,0,3913,1990,0,0
0,323,0,0,3914,1990,0,0
0,323,0,0,3915,1990,0,0
0,323,0,0,3916,1990,0,0
0,323,0,0,3917,1990,0,0
0,324,0,0,3918,1990,0,0
0,324,0,0,3919,1990,0,0
0,324,0,0,3920,1990,0,0
0,324,0,0,3921,1990,0,0
0,324,0,0,3922,1991,0,0
0,324,0,0,3923,1991,0,0
0,324,0,0,3924,1991,0,0
0,324,0,0,3925,1991,0,0
0,325,0,0,3926,1991,0,0
0,325,0,0,3927,1991,0,0
0,325,0,0,3928,1991,0,0
0,325,0,0,3929,1991,0,0
0,325,0,0,3930,1991,0,0
0,325,0,0,3931,1992,0,0
0,325,0,0,3932,1992,0,0
0,326,0,0,3933,1992,0,0
0,326,0,0,3934,1992,0,0
0,326,0,0,3935,1992,0,0
0,326,0,0,3936,1992,0,0
0,326,0,0,3937,1992,0,0
0,326,0,0,3938,1992,0,0
0,326,0,0,3939,1993,0,0
0,326,0,0,3940,1993,0,0
0,327,0,0,3941,1993,0,0
0,327,0,0,3942,1993,0,0
0,327,0,0,3943,1993,0,0
0,327,0,0,3944,1993,0,0
0,327,0,0,3945,1993,0,0
0,327,0,0,3946,1993,0,0
0,327,0,0,3947,1993,0,0
0,327,0,0,3948,1994,0,0
0,328,0,0,3949,1994,0,0
0,328,0,0,3950,1994,0,0
0,328,0,0,3951,1994,0,0
0,328,0,0,3952,1994,0,0
0,328,0,0,3953,1994,0,0
0,328,0,0,3954,1994,0,0
0,328,0,0,3955,1994,0,0
0,329,0,0,3956,1995,0,0
0,329,0,0,3957,1995,0,0
0,329,0,0,3958,1995,0,0
0,329,0,0,3959,1995,0,0
0,329,0,0,3960,1995,0,0
0,329,0,0,3961,1995,0,0
0,329,0,0,3962,1995,0,0
0,329,0,0,3963,1995,0,0
0,330,0,0,3964,1995,0,0
0,330,0,0,3965,1996,0,0
0,330,0,0,3966,1996,0,0
0,330,0,0,3967,1996,0,0
0,330,0,0,3968,1996,0,0
0,330,0,0,3969,1996,0,0
0,330,0,0,3970,1996,0,0
0,330,0,0,3971,1996,0,0
0,331,0,0,3972,1996,0,0
0,331,0,0,3973,1997,0,0
0,331,0,0,3974,1997,0,0
0,331,0,0,3975,1997,0,0
0,331,0,0,3976,1997,0,0
0,331,0,0,3977,1997,0,0
0,331,0,0,3978,1997,0,0
0,331,0,0,3979,1997,0,0
0,332,0,0,3980,1997,0,0
0,332,0,0,3981,1997,0,0
0,332,0,0,3982,1998,0,0
0,332,0,0,3983,1998,0,0
0,332,0,0,3984,1998,0,0
0,332,0,0,3985,1998,0,0
0,332,0,0,3986,1998,0,0
0,332,0,0,3987,1998,0,0
0,332,0,0,3988,1998,0,0
0,333,0,0,3989,1998,0,0
0,333,0,0,3990,1999,0,0
0,333,0,0,3991,1999,0,0
0,333,0,0,3992,1999,0,0
0,333,0,0,3993,1999,0,0
0,333,0,0,3994,1999,0,0
0,333,0,0,3995,1999,0,0
0,333,0,0,3996,1999,0,0
0,334,0,0,3997,1999,0,0
0,334,0,0,3998,2000,0,0
0,334,0,0,3999,2000,0,0
0,334,0,0,4000,2000,0,0
0,334,0,0,4001,2000,0,0
0,334,0,0,4002,2000,0,0
0,334,0,0,4003,2000,0,0
0,334,0,0,4004,2000,0,0
0,335,0,0,4005,2000,0,0
0,335,0,0,4006,2001,0,0
0,335,0,0,4007,2001,0,0
0,335,0,0,4008,2001,0,0
0,335,0,0,4009,2001,0,0
0,335,0,0,4010,2001,0,0
0,335,0,0,4011,2001,0,0
0,335,0,0,4012,2001,0,0
0,335,0,0,4013,2001,0,0
0,336,0,0,4014,2002,0,0
0,336,0,0,4015,2002,0,0
0,336,0,0,4016,2002,0,0
0,336,0,0,4017,2002,0,0
0,336,0,0,4018,2002,0,0
0,336,0,0,4019,2002,0,0
0,336,0,0,4020,2002,0,0
0,336,0,0,4021,2002,0,0
0,337,0,0,4022,2003,0,0
0,337,0,0,4023,2003,0,0
0,337,0,0,4024,2003,0,0
0,337,0,0,4025,2003,0,0
0,337,0,0,4026,2003,0,0
0,337,0,0,4026,2003,0,0
0,337,0,0,4027,2003,0,0
0,337,0,0,4028,2003,0,0
0,337,0,0,4029,2004,0,0
0,338,0,0,4030,2004,0,0
0,338,0,0,4031,2004,0,0
0,338,0,0,4032,2004,0,0
0,338,0,0,4033,2004,0,0
0,338,0,0,4034,2004,0,0
0,338,0,0,4035,2004,0,0
0,338,0,0,4036,2004,0,0
0,338,0,0,4037,2005,0,0
0,339,0,0,4038,2005,0,0
0,339,0,0,4039,2005,0,0
0,339,0,0,4040,2005,0,0
0,339,0,0,4041,2005,0,0
0,339,0,0,4042,2005,0,0
0,339,0,0,4043,2005,0,0
0,339,0,0,4044,2005,0,0
0,339,0,0,4045,2006,0,0
0,339,0,0,4046,2006,0,0
0,340,0,0,4047,2006,0,0
0,340,0,0,4048,2006,0,0
0,340,0,0,4049,2006,0,0
0,340,0,0,4050,2006,0,0
0,340,0,0,4051,2006,0,0
0,340,0,0,4052,2006,0,0
0,340,0,0,4053,2007,0,0
0,340,0,0,4054,2007,0,0
0,340,0,0,4055,2007,0,0
0,341,0,0,4056,2007,0,0
0,341,0,0,4057,2007,0,0
0,341,0,0,4058,2007,0,0
0,341,0,0,4059,2007,0,0
0,341,0,0,4060,2007,0,0
0,341,0,0,4061,2008,0,0
0,341,0,0,4062,2008,0,0
0,341,0,0,4063,2008,0,0
0,341,0,0,4064,2008,0,0
0,342,0,0,4065,2008,0,0
0,342,0,0,4066,2008,0,0
0,342,0,0,4067,2008,0,0
0,342,0,0,4068,2008,0,0
0,342,0,0,4069,2009,0,0
0,342,0,0,4070,2009,0,0
0,342,0,0,4071,2009,0,0
0,342,0,0,4072,2009,0,0
0,342,0,0,4073,2009,0,0
0,343,0,0,4074,2009,0,0
0,343,0,0,4075,2009,0,0
0,343,0,0,4076,2009,0,0
0,343,0,1,4077,2010,0,0
0,343,0,1,4078,2010,0,0
0,343,1,1,4079,2010,0,0
0,341,1,1,4080,2010,0,0
0,340,1,1,4081,2010,0,0
0,338,1,1,4082,2010,0,0
0,336,1,1,4083,2010,0,0
0,335,1,1,4084,2011,0,0
0,333,1,1,4085,2011,0,0
0,331,1,1,4086,2011,0,0
0,330,1,1,4087,2011,0,0
0,328,1,1,4088,2011,0,0
0,327,1,1,4089,2011,0,0
0,325,1,1,4090,2011,0,0
0,323,1,1,4091,2011,0,0
0,322,1,1,4092,2011,0,0
0,320,1,1,4093,2012,0,0
0,318,1,1,4094,2012,0,0
0,317,1,1,4095,2012,0,0
0,315,1,1,4096,2012,0,0
0,313,1,1,4097,2012,0,0
0,312,1,1,4098,2012,0,0
0,310,1,1,4099,2012,0,0
0,308,1,1,4100,2012,0,0
0,307,1,1,4101,2012,0,0
0,305,1,1,4102,2012,0,0
0,304,1,1,4103,2013,0,0
0,302,1,1,4104,2013,0,0
0,300,1,1,4105,2013,0,0
0,299,1,1,4106,2013,0,0
0,297,1,1,4107,2013,0,0
0,295,1,1,4108,2013,0,0
0,294,1,1,4109,2013,0,0
0,292,1,1,4110,2013,0,0
0,290,1,1,4111,2013,0,0
0,289,1,1,4112,2013,0,0
0,287,1,1,4113,2013,0,0
0,286,1,1,4114,2014,0,0
0,284,1,1,4115,2014,0,0
0,282,1,1,4116,2014,0,0
0,281,1,1,4117,2014,0,0
0,279,1,1,4118,2014,0,0
0,277,1,1,4119,2014,0,0
0,276,1,1,4120,2014,0,0
0,274,1,1,4121,2014,0,0
0,273,1,1,4122,2014,0,0
0,271,1,1,4123,2014,0,0
0,269,1,1,4124,2014,0,0
0,268,1,1,4125,2014,0,0
0,266,1,1,4126,2014,0,0
0,264,1,1,4127,2014,0,0
0,263,1,1,4128,2014,0,0
0,261,1,1,4129,2015,0,0
0,260,1,1,4130,2015,0,0
0,258,1,1,4131,2015,0,0
0,256,1,1,4132,2015,0,0
0,255,1,1,4133,2015,0,0
0,253,1,1,4134,2015,0,0
0,251,1,1,4135,2015,0,0
0,250,1,1,4136,2015,0,0
0,248,1,1,4137,2015,0,0
0,247,1,1,4138,2015,0,0
0,245,1,1,4139,2015,0,0
0,243,1,1,4140,2015,0,0
0,242,1,1,4141,2015,0,0
0,240,1,1,4142,2015,0,0
0,238,1,1,4143,2015,0,0
0,237,1,1,4144,2015,0,0
0,235,1,1,4145,2015,0,0
0,234,1,1,4146,2015,0,0
0,232,1,1,4147,2015,0,0
0,230,1,1,4148,2015,0,0
0,229,1,1,4149,2015,0,0
0,227,1,1,4150,2015,0,0
0,226,1,1,4151,2015,0,0
0,224,1,1,4152,2015,0,0
0,222,1,1,4153,2015,0,0
0,221,1,1,4154,2015,0,0
0,219,1,1,4155,2015,0,0
0,218,1,1,4156,2015,0,0
0,216,1,1,4157,2015,0,0
0,214,1,1,4158,2015,0,0
0,213,1,1,4159,2016,0,0
0,211,1,1,4160,2016,0,0
0,209,1,1,4161,2016,0,0
0,208,1,1,4162,2016,0,0
0,206,1,1,4163,2016,0,0
0,205,1,1,4164,2016,0,0
0,203,1,1,4165,2016,0,0
0,201,1,1,4166,2016,0,0
0,200,1,1,4167,2016,0,0
0,198,1,1,4168,2016,0,0
0,197,1,1,4169,2016,0,0
0,195,1,1,4170,2016,0,0
0,193,1,1,4171,2016,0,0
0,192,1,1,4172,2016,0,0
0,190,1,1,4173,2016,0,0
0,189,1,1,4174,2016,0,0
0,187,1,1,4175,2016,0,0
0,185,1,1,4176,2015,0,0
0,184,1,1,4177,2015,0,0
0,182,1,1,4178,2015,0,0
0,181,1,1,4179,2015,0,0
0,179,1,1,4180,2015,0,0
0,178,1,1,4181,2015,0,0
0,176,1,1,4182,2015,0,0
0,174,1,1,4183,2015,0,0
0,173,1,1,4184,2015,0,0
0,171,1,1,4185,2015,0,0
0,170,1,1,4186,2015,0,0
0,168,1,1,4187,2015,0,0
0,166,1,1,4188,2015,0,0
0,165,1,1,4189,2015,0,0
0,163,1,1,4190,2015,0,0
0,162,1,1,4191,2015,0,0
0,160,1,1,4192,2015,0,0
0,158,1,1,4193,2015,0,0
0,157,1,1,4194,2015,0,0
0,155,1,1,4195,2015,0,0
0,154,1,1,4196,2015,0,0
0,152,1,1,4197,2015,0,0
0,151,1,1,4198,2015,0,0
0,149,1,1,4199,2015,0,0
0,147,1,1,4200,2015,0,0
0,146,1,1,4201,2015,0,0
0,144,1,1,4202,2015,0,0
0,143,1,1,4203,2015,0,0
0,141,1,1,4204,2015,0,0
0,140,1,1,4205,2014,0,0
0,138,1,1,4206,2014,0,0
0,136,1,1,4207,2014,0,0
0,135,1,1,4208,2014,0,0
0,133,1,1,4209,2014,0,0
0,132,1,1,4210,2014,0,0
0,130,1,1,4211,2014,0,0
0,128,1,1,4212,2014,0,0
0,127,1,1,4213,2014,0,0
0,125,1,1,4214,2014,0,0
0,124,1,1,4215,2014,0,0
0,122,1,1,4216,2014,0,0
0,121,1,1,4217,2014,0,0
0,119,1,1,4218,2014,0,0
0,118,1,1,4219,2014,0,0
0,116,1,1,4220,2014,0,0
0,114,1,1,4221,2013,0,0
0,113,1,1,4222,2013,0,0
0,111,1,1,4223,2013,0,0
0,110,1,1,4224,2013,0,0
0,108,1,1,4225,2013,0,0
0,107,1,1,4226,2013,0,0
0,105,1,1,4227,2013,0,0
0,103,1,1,4228,2013,0,0
0,102,1,1,4229,2013,0,0
0,100,1,1,4230,2013,0,0
0,99,1,1,4231,2013,0,0
0,97,1,1,4232,2012,0,0
0,96,1,1,4233,2012,0,0
0,94,1,1,4234,2012,0,0
0,93,1,1,4235,2012,0,0
0,91,1,1,4236,2012,0,0
0,89,1,1,4237,2012,0,0
0,88,1,1,4238,2012,0,0
0,86,1,1,4239,2012,0,0
0,85,1,1,4240,2012,0,0
0,83,1,1,4241,2012,0,0
0,82,1,1,4242,2011,0,0
0,80,1,1,4243,2011,0,0
0,79,1,1,4244,2011,0,0
0,77,1,1,4245,2011,0,0
0,75,1,1,4246,2011,0,0
0,74,1,1,4247,2011,0,0
0,72,1,1,4248,2011,0,0
0,71,1,1,4249,2011,0,0
0,69,1,1,4250,2011,0,0
0,68,1,1,4251,2010,0,0
0,66,1,1,4252,2010,0,0
0,65,1,1,4253,2010,0,0
0,63,1,1,4254,2010,0,0
0,62,1,1,4255,2010,0,0
0,60,1,1,4256,2010,0,0
0,58,1,1,4257,2010,0,0
0,57,1,1,4258,2010,0,0
0,55,1,0,4259,2009,0,0
0,54,1,0,4260,2009,0,0
0,52,0,0,4261,2009,0,0
0,53,0,0,4262,2009,0,0
0,53,0,0,4263,2009,0,0
0,53,0,0,4264,2009,0,0
0,53,0,0,4265,2009,0,0
0,54,0,0,4266,2009,0,0
0,54,0,0,4267,2008,0,0
0,54,0,0,4268,2008,0,0
0,54,0,0,4269,2008,0,0
0,55,0,0,4270,2008,0,0
0,55,0,0,4271,2008,0,0
0,55,0,0,4272,2008,0,0
0,55,0,0,4273,2008,0,0
0,56,0,0,4274,2007,0,0
0,56,0,0,4275,2007,0,0
0,56,0,0,4276,2007,0,0
0,57,0,0,4277,2007,0,0
0,57,0,0,4278,2007,0,0
0,57,0,0,4279,2007,0,0
0,57,0,0,4280,2007,0,0
0,58,0,0,4281,2007,0,0
0,58,0,0,4282,2006,0,0
0,58,0,0,4283,2006,0,0
0,58,0,0,4284,2006,0,0
0,59,0,0,4285,2006,0,0
0,59,0,0,4286,2006,0,0
0,59,0,0,4287,2006,0,0
0,59,0,0,4288,2006,0,0
0,60,0,0,4289,2006,0,0
0,60,0,0,4290,2005,0,0
0,60,0,0,4291,2005,0,0
0,61,0,0,4292,2005,0,0
0,61,0,0,4293,2005,0,0
0,61,0,0,4294,2005,0,0
0,61,0,0,4295,2005,0,0
0,62,0,0,4296,2005,0,0
0,62,0,0,4297,2004,0,0
0,62,0,0,4298,2004,0,0
0,62,0,0,4299,2004,0,0
0,63,0,0,4300,2004,0,0
0,63,0,0,4301,2004,0,0
0,63,0,0,4302,2004,0,0
0,63,0,0,4303,2004,0,0
0,64,0,0,4304,2004,0,0
0,64,0,0,4305,2003,0,0
0,64,0,0,4306,2003,0,0
0,64,0,0,4307,2003,0,0
0,65,0,0,4308,2003,0,0
0,65,0,0,4309,2003,0,0
0,65,0,0,4310,2003,0,0
0,66,0,0,4311,2003,0,0
0,66,0,0,4312,2003,0,0
0,66,0,0,4313,2003,0,0
0,66,0,0,4314,2002,0,0
0,67,0,0,4315,2002,0,0
0,67,0,0,4316,2002,0,0
0,67,0,0,4317,2002,0,0
0,67,0,0,4318,2002,0,0
0,68,0,0,4319,2002,0,0
0,68,0,0,4320,2002,0,0
0,68,0,0,4321,2002,0,0
0,68,0,0,4322,2001,0,0
0,69,0,0,4323,2001,0,0
0,69,0,0,4324,2001,0,0
0,69,0,0,4325,2001,0,0
0,69,0,0,4326,2001,0,0
0,70,0,0,4327,2001,0,0
0,70,0,0,4328,2001,0,0
0,70,0,0,4329,2001,0,0
0,71,0,0,4330,2000,0,0
0,71,0,0,4331,2000,0,0
0,71,0,0,4332,2000,0,0
0,71,0,0,4333,2000,0,0
0,72,0,0,4334,2000,0,0
0,72,0,0,4335,2000,0,0
0,72,0,0,4336,2000,0,0
0,72,0,0,4337,2000,0,0
0,73,0,0,4338,2000,0,0
0,73,0,0,4339,1999,0,0
0,73,0,0,4340,1999,0,0
0,73,0,0,4341,1999,0,0
0,74,0,0,4342,1999,0,0
0,74,0,0,4343,1999,0,0
0,74,0,0,4344,1999,0,0
0,74,0,0,4345,1999,0,0
0,75,0,0,4346,1999,0,0
0,75,0,0,4347,1999,0,0
0,75,0,0,4348,1998,0,0
0,76,0,0,4349,1998,0,0
0,76,0,0,4350,1998,0,0
0,76,0,0,4351,1998,0,0
0,76,0,0,4352,1998,0,0
0,77,0,0,4353,1998,0,0
0,77,0,0,4354,1998,0,0
0,77,0,0,4355,1998,0,0
0,77,0,0,4356,1998,0,0
0,78,0,0,4357,1997,0,0
0,78,0,0,4358,1997,0,0
0,78,0,0,4359,1997,0,0
0,78,0,0,4360,1997,0,0
0,79,0,0,4361,1997,0,0
0,79,0,0,4362,1997,0,0
0,79,0,0,4363,1997,0,0
0,79,0,0,4364,1997,0,0
0,80,0,0,4365,1997,0,0
0,80,0,0,4366,1996,0,0
0,80,0,0,4367,1996,0,0
0,80,0,0,4368,1996,0,0
0,81,0,0,4369,1996,0,0
0,81,0,0,4370,1996,0,0
0,81,0,0,4371,1996,0,0
0,82,0,0,4372,1996,0,0
0,82,0,0,4373,1996,0,0
0,82,0,0,4374,1996,0,0
0,82,0,0,4375,1995,0,0
0,83,0,0,4376,1995,0,0
0,83,0,0,4377,1995,0,0
0,83,0,0,4378,1995,0,0
0,83,0,0,4379,1995,0,0
0,84,0,0,4380,1995,0,0
0,84,0,0,4381,1995,0,0
0,84,0,0,4382,1995,0,0
0,84,0,0,4383,1995,0,0
0,85,0,0,4384,1994,0,0
0,85,0,0,4385,1994,0,0
0,85,0,0,4386,1994,0,0
0,85,0,0,4387,1994,0,0
0,86,0,0,4388,1994,0,0
0,86,0,0,4389,1994,0,0
0,86,0,0,4390,1994,0,0
0,86,0,0,4391,1994,0,0
0,87,0,0,4392,1994,0,0
0,87,0,0,4393,1994,0,0
0,87,0,0,4394,1993,0,0
0,87,0,0,4395,1993,0,0
0,88,0,0,4396,1993,0,0
0,88,0,0,4397,1993,0,0
0,88,0,0,4398,1993,0,0
0,89,0,0,4399,1993,0,0
0,89,0,0,4400,1993,0,0
0,89,0,0,4401,1993,0,0
0,89,0,0,4402,1993,0,0
0,90,0,0,4403,1993,0,0
0,90,0,0,4404,1992,0,0
0,90,0,0,4405,1992,0,0
0,90,0,0,4406,1992,0,0
0,91,0,0,4407,1992,0,0
0,91,0,0,4408,1992,0,0
0,91,0,0,4409,1992,0,0
0,91,0,0,4410,1992,0,0
0,92,0,0,4411,1992,0,0
0,92,0,0,4412,1992,0,0
0,92,0,0,4413,1992,0,0
0,92,0,0,4414,1991,0,0
0,93,0,0,4415,1991,0,0
0,93,0,0,4416,1991,0,0
0,93,0,0,4417,1991,0,0
0,93,0,0,4418,1991,0,0
0,94,0,0,4419,1991,0,0
0,94,0,0,4420,1991,0,0
0,94,0,0,4421,1991,0,0
0,94,0,0,4422,1991,0,0
0,95,0,0,4423,1991,0,0
0,95,0,0,4424,1991,0,0
0,95,0,0,4425,1990,0,0
0,95,0,0,4426,1990,0,0
0,96,0,0,4427,1990,0,0
0,96,0,0,4428,1990,0,0
0,96,0,0,4429,1990,0,0
0,97,0,0,4430,1990,0,0
0,97,0,0,4431,1990,0,0
0,97,0,0,4432,1990,0,0
0,97,0,0,4433,1990,0,0
0,98,0,0,4434,1990,0,0
0,98,0,0,4435,1990,0,0
0,98,0,0,4436,1989,0,0
0,98,0,0,4437,1989,0,0
0,99,0,0,4438,1989,0,0
0,99,0,0,4439,1989,0,0
0,99,0,0,4440,1989,0,0
0,99,0,0,4441,1989,0,0
0,100,0,0,4442,1989,0,0
0,100,0,0,4443,1989,0,0
0,100,0,0,4444,1989,0,0
0,100,0,0,4445,1989,0,0
0,101,0,0,4446,1989,0,0
0,101,0,0,4447,1988,0,0
0,101,0,0,4448,1988,0,0
0,101,0,0,4449,1988,0,0
0,102,0,0,4450,1988,0,0
0,102,0,0,4451,1988,0,0
0,102,0,0,4452,1988,0,0
0,102,0,0,4453,1988,0,0
0,103,0,0,4454,1988,0,0
0,103,0,0,4455,1988,0,0
0,103,0,0,4456,1988,0,0
0,103,0,0,4457,1988,0,0
0,104,0,0,4458,1987,0,0
0,104,0,0,4459,1987,0,0
0,104,0,0,4460,1987,0,0
0,104,0,0,4461,1987,0,0
0,105,0,0,4462,1987,0,0
0,105,0,0,4463,1987,0,0
0,105,0,0,4464,1987,0,0
0,105,0,0,4465,1987,0,0
0,106,0,0,4466,1987,0,0
0,106,0,0,4467,1987,0,0
0,106,0,0,4468,1987,0,0
0,106,0,0,4469,1987,0,0
0,107,0,0,4470,1986,0,0
0,107,0,0,4471,1986,0,0
0,107,0,0,4472,1986,0,0
0,107,0,0,4473,1986,0,0
0,108,0,0,4474,1986,0,0
0,108,0,0,4475,1986,0,0
0,108,0,0,4476,1986,0,0
0,108,0,0,4477,1986,0,0
0,109,0,0,4478,1986,0,0
0,109,0,0,4479,1986,0,0
0,109,0,0,4480,1986,0,0
0,109,0,0,4481,1986,0,0
0,110,0,0,4482,1985,0,0
0,110,0,0,4483,1985,0,0
0,110,0,0,4484,1985,0,0
0,110,0,0,4485,1985,0,0
0,111,0,0,4486,1985,0,0
0,111,0,0,4487,1985,0,0
0,111,0,0,4488,1985,0,0
0,112,0,0,4489,1985,0,0
0,112,0,0,4490,1985,0,0
0,112,0,0,4491,1985,0,0
0,112,0,0,4492,1985,0,0
0,113,0,0,4493,1985,0,0
0,113,0,0,4494,1985,0,0
0,113,0,0,4495,1984,0,0
0,113,0,0,4496,1984,0,0
0,114,0,0,4497,1984,0,0
0,114,0,0,4498,1984,0,0
0,114,0,0,4499,1984,0,0
0,114,0,0,4500,1984,0,0
0,115,0,0,4501,1984,0,0
0,115,0,0,4502,1984,0,0
0,115,0,0,4503,1984,0,0
0,115,0,0,4504,1984,0,0
0,116,0,0,4505,1984,0,0
0,116,0,0,4506,1984,0,0
0,116,0,0,4507,1984,0,0
0,116,0,0,4508,1983,0,0
0,117,0,0,4509,1983,0,0
0,117,0,0,4510,1983,0,0
0,117,0,0,4511,1983,0,0
0,117,0,0,4512,1983,0,0
0,118,0,0,4513,1983,0,0
0,118,0,0,4514,1983,0,0
0,118,0,0,4515,1983,0,0
0,118,0,0,4516,1983,0,0
0,119,0,0,4517,1983,0,0
0,119,0,0,4518,1983,0,0
0,119,0,0,4519,1983,0,0
0,119,0,0,4520,1983,0,0
0,120,0,0,4521,1983,0,0
0,120,0,0,4522,1982,0,0
0,120,0,0,4523,1982,0,0
0,120,0,0,4524,1982,0,0
0,121,0,0,4525,1982,0,0
0,121,0,0,4526,1982,0,0
0,121,0,0,4527,1982,0,0
0,121,0,0,4528,1982,0,0
0,122,0,0,4529,1982,0,0
0,122,0,0,4530,1982,0,0
0,122,0,0,4531,1982,0,0
0,122,0,0,4532,1982,0,0
0,123,0,0,4533,1982,0,0
0,123,0,0,4534,1982,0,0
0,123,0,0,4535,1982,0,0
0,123,0,0,4536,1981,0,0
0,124,0,0,4537,1981,0,0
0,124,0,0,4538,1981,0,0
0,124,0,0,4539,1981,0,0
0,124,0,0,4540,1981,0,0
0,125,0,0,4541,1981,0,0
0,125,0,0,4542,1981,0,0
0,125,0,0,4543,1981,0,0
0,125,0,0,4544,1981,0,0
0,125,0,0,4545,1981,0,0
0,126,0,0,4546,1981,0,0
0,126,0,0,4547,1981,0,0
0,126,0,0,4548,1981,0,0
0,126,0,0,4549,1981,0,0
0,127,0,0,4550,1981,0,0
0,127,0,0,4551,1980,0,0
0,127,0,0,4552,1980,0,0
0,127,0,0,4553,1980,0,0
0,128,0,0,4554,1980,0,0
0,128,0,0,4555,1980,0,0
0,128,0,0,4556,1980,0,0
0,128,0,0,4557,1980,0,0
0,129,0,0,4558,1980,0,0
0,129,0,0,4559,1980,0,0
0,129,0,0,4560,1980,0,0
0,129,0,0,4561,1980,0,0
0,130,0,0,4562,1980,0,0
0,130,0,0,4563,1980,0,0
0,130,0,0,4564,1980,0,0
0,130,0,0,4565,1980,0,0
0,131,0,0,4566,1980,0,0
0,131,0,0,4567,1979,0,0
0,131,0,0,4568,1979,0,0
0,131,0,0,4569,1979,0,0
0,132,0,0,4570,1979,0,0
0,132,0,0,4571,1979,0,0
0,132,0,0,4572,1979,0,0
0,132,0,0,4573,1979,0,0
0,133,0,0,4574,1979,0,0
0,133,0,0,4575,1979,0,0
0,133,0,0,4576,1979,0,0
0,133,0,0,4577,1979,0,0
0,134,0,0,4578,1979,0,0
0,134,0,0,4579,1979,0,0
0,134,0,0,4580,1979,0,0
0,134,0,0,4581,1979,0,0
0,135,0,0,4582,1979,0,0
0,135,0,0,4583,1979,0,0
0,135,0,0,4584,1978,0,0
0,135,0,0,4585,1978,0,0
0,136,0,0,4586,1978,0,0
0,136,0,0,4587,1978,0,0
0,136,0,0,4588,1978,0,0
0,136,0,0,4589,1978,0,0
0,137,0,0,4590,1978,0,0
0,137,0,0,4591,1978,0,0
0,137,0,0,4592,1978,0,0
0,137,0,0,4593,1978,0,0
0,138,0,0,4594,1978,0,0
0,138,0,0,4595,1978,0,0
0,138,0,0,4596,1978,0,0
0,138,0,0,4597,1978,0,0
0,138,0,0,4598,1978,0,0
0,139,0,0,4599,1978,0,0
0,139,0,0,4600,1978,0,0
0,139,0,0,4601,1978,0,0
0,139,0,0,4602,1977,0,0
0,140,0,0,4603,1977,0,0
0,140,0,0,4604,1977,0,0
0,140,0,0,4605,1977,0,0
0,140,0,0,4606,1977,0,0
0,141,0,0,4607,1977,0,0
0,141,0,0,4608,1977,0,0
0,141,0,0,4609,1977,0,0
0,141,0,0,4610,1977,0,0
0,142,0,0,4611,1977,0,0
0,142,0,0,4612,1977,0,0
0,142,0,0,4613,1977,0,0
0,142,0,0,4614,1977,0,0
0,143,0,0,4615,1977,0,0
0,143,0,0,4616,1977,0,0
0,143,0,0,4617,1977,0,0
0,143,0,0,4618,1977,0,0
0,144,0,0,4619,1977,0,0
0,144,0,0,4620,1977,0,0
0,144,0,0,4621,1977,0,0
0,144,0,0,4622,1976,0,0
0,145,0,0,4623,1976,0,0
0,145,0,0,4624,1976,0,0
0,145,0,0,4625,1976,0,0
0,145,0,0,4626,1976,0,0
0,145,0,0,4627,1976,0,0
0,146,0,0,4628,1976,0,0
0,146,0,0,4629,1976,0,0
0,146,0,0,4630,1976,0,0
0,146,0,0,4631,1976,0,0
0,147,0,0,4632,1976,0,0
0,147,0,0,4633,1976,0,0
0,147,0,0,4634,1976,0,0
0,147,0,0,4635,1976,0,0
0,148,0,0,4636,1976,0,0
0,148,0,0,4637,1976,0,0
0,148,0,0,4638,1976,0,0
0,148,0,0,4639,1976,0,0
0,149,0,0,4640,1976,0,0
0,149,0,0,4641,1976,0,0
0,149,0,0,4642,1976,0,0
0,149,0,0,4643,1976,0,0
0,150,0,0,4644,1975,0,0
0,150,0,0,4645,1975,0,0
0,150,0,0,4646,1975,0,0
0,150,0,0,4647,1975,0,0
0,151,0,0,4648,1975,0,0
0,151,0,0,4649,1975,0,0
0,151,0,0,4650,1975,0,0
0,151,0,0,4651,1975,0,0
0,151,0,0,4652,1975,0,0
0,152,0,0,4653,1975,0,0
0,152,0,0,4654,1975,0,0
0,152,0,0,4655,1975,0,0
0,152,0,0,4656,1975,0,0
0,153,0,0,4657,1975,0,0
0,153,0,0,4658,1975,0,0
0,153,0,0,4659,1975,0,0
0,153,0,0,4660,1975,0,0
0,154,0,0,4661,1975,0,0
0,154,0,0,4662,1975,0,0
0,154,0,0,4663,1975,0,0
0,154,0,0,4664,1975,0,0
0,155,0,0,4665,1975,0,0
0,155,0,0,4666,1975,0,0
0,155,0,0,4667,1975,0,0
0,155,0,0,4668,1974,0,0
0,155,0,0,4669,1974,0,0
0,156,0,0,4670,1974,0,0
0,156,0,0,4671,1974,0,0
0,156,0,0,4672,1974,0,0
0,156,0,0,4673,1974,0,0
0,157,0,0,4674,1974,0,0
0,157,0,0,4675,1974,0,0
0,157,0,0,4676,1974,0,0
0,157,0,0,4677,1974,0,0
0,158,0,0,4678,1974,0,0
0,158,0,0,4679,1974,0,0
0,158,0,0,4680,1974,0,0
0,158,0,0,4681,1974,0,0
0,159,0,0,4682,1974,0,0
0,159,0,0,4683,1974,0,0
0,159,0,0,4684,1974,0,0
0,159,0,0,4685,1974,0,0
0,159,0,0,4686,1974,0,0
0,160,0,0,4687,1974,0,0
0,160,0,0,4688,1974,0,0
0,160,0,0,4689,1974,0,0
0,160,0,0,4690,1974,0,0
0,161,0,0,4691,1974,0,0
0,161,0,0,4692,1974,0,0
0,161,0,0,4693,1974,0,0
0,161,0,0,4694,1974,0,0
0,162,0,0,4695,1974,0,0
0,162,0,0,4696,1974,0,0
0,162,0,0,4697,1973,0,0
0,162,0,0,4698,1973,0,0
0,163,0,0,4699,1973,0,0
0,163,0,0,4700,1973,0,0
0,163,0,0,4701,1973,0,0
0,163,0,0,4702,1973,0,0
0,163,0,0,4703,1973,0,0
0,164,0,0,4704,1973,0,0
0,164,0,0,4705,1973,0,0
0,164,0,0,4706,1973,0,0
0,164,0,0,4707,1973,0,0
0,165,0,0,4708,1973,0,0
0,165,0,0,4709,1973,0,0
0,165,0,0,4710,1973,0,0
0,165,0,0,4711,1973,0,0
0,166,0,0,4712,1973,0,0
0,166,0,0,4713,1973,0,0
0,166,0,0,4714,1973,0,0
0,166,0,0,4715,1973,0,0
0,166,0,0,4716,1973,0,0
0,167,0,0,4717,1973,0,0
0,167,0,0,4718,1973,0,0
0,167,0,0,4719,1973,0,0
0,167,0,0,4720,1973,0,0
0,168,0,0,4721,1973,0,0
0,168,0,0,4722,1973,0,0
0,168,0,0,4723,1973,0,0
0,168,0,0,4724,1973,0,0
0,169,0,0,4725,1973,0,0
0,169,0,0,4726,1973,0,0
0,169,0,0,4727,1973,0,0
0,169,0,0,4728,1973,0,0
0,169,0,0,4729,1973,0,0
0,170,0,0,4730,1973,0,0
0,170,0,0,4731,1973,0,0
0,170,0,0,4732,1973,0,0
0,170,0,0,4733,1972,0,0
0,171,0,0,4734,1972,0,0
0,171,0,0,4735,1972,0,0
0,171,0,0,4736,1972,0,0
0,171,0,0,4737,1972,0,0
0,172,0,0,4738,1972,0,0
0,172,0,0,4739,1972,0,0
0,172,0,0,4740,1972,0,0
0,172,0,0,4741,1972,0,0
0,172,0,0,4742,1972,0,0
0,173,0,0,4743,1972,0,0
0,173,0,0,4744,1972,0,0
0,173,0,0,4745,1972,0,0
0,173,0,0,4746,1972,0,0
0,174,0,0,4747,1972,0,0
0,174,0,0,4748,1972,0,0
0,174,0,0,4749,1972,0,0
0,174,0,0,4750,1972,0,0
0,175,0,0,4751,1972,0,0
0,175,0,0,4752,1972,0,0
0,175,0,0,4753,1972,0,0
0,175,0,0,4754,1972,0,0
0,175,0,0,4755,1972,0,0
0,176,0,0,4756,1972,0,0
0,176,0,0,4757,1972,0,0
0,176,0,0,4758,1972,0,0
0,176,0,0,4759,1972,0,0
0,177,0,0,4760,1972,0,0
0,177,0,0,4761,1972,0,0
0,177,0,0,4762,1972,0,0
0,177,0,0,4763,1972,0,0
0,177,0,0,4764,1972,0,0
0,178,0,0,4765,1972,0,0
0,178,0,0,4766,1972,0,0
0,178,0,0,4767,1972,0,0
0,178,0,0,4768,1972,0,0
0,179,0,0,4769,1972,0,0
0,179,0,0,4770,1972,0,0
0,179,0,0,4771,1972,0,0
0,179,0,0,4772,1972,0,0
0,179,0,0,4773,1972,0,0
0,180,0,0,4774,1972,0,0
0,180,0,0,4775,1972,0,0
0,180,0,0,4776,1972,0,0
0,180,0,0,4777,1972,0,0
0,181,0,0,4778,1972,0,0
0,181,0,0,4779,1972,0,0
0,181,0,0,4780,1972,0,0
0,181,0,0,4781,1972,0,0
0,182,0,0,4782,1972,0,0
0,182,0,0,4783,1972,0,0
0,182,0,0,4784,1972,0,0
0,182,0,0,4785,1972,0,0
0,182,0,0,4786,1971,0,0
0,183,0,0,4787,1971,0,0
0,183,0,0,4788,1971,0,0
0,183,0,0,4789,1971,0,0
0,183,0,0,4790,1971,0,0
0,184,0,0,4791,1971,0,0
0,184,0,0,4792,1971,0,0
0,184,0,0,4793,1971,0,0
0,184,0,0,4794,1971,0,0
0,184,0,0,4795,1971,0,0
0,185,0,0,4796,1971,0,0
0,185,0,0,4797,1971,0,0
0,185,0,0,4798,1971,0,0
0,185,0,0,4799,1971,0,0
0,186,0,0,4800,1971,0,0
0,186,0,0,4801,1971,0,0
0,186,0,0,4802,1971,0,0
0,186,0,0,4803,1971,0,0
0,186,0,0,4804,1971,0,0
0,187,0,0,4805,1971,0,0
0,187,0,0,4806,1971,0,0
0,187,0,0,4807,1971,0,0
0,187,0,0,4808,1971,0,0
0,188,0,0,4809,1971,0,0
0,188,0,0,4810,1971,0,0
0,188,0,0,4811,1971,0,0
0,188,0,0,4812,1971,0,0
0,188,0,0,4813,1971,0,0
0,189,0,0,4814,1971,0,0
0,189,0,0,4815,1971,0,0
0,189,0,0,4816,1971,0,0
0,189,0,0,4817,1971,0,0
0,190,0,0,4818,1971,0,0
0,190,0,0,4819,1971,0,0
0,190,0,0,4820,1971,0,0
0,190,0,0,4821,1971,0,0
0,190,0,0,4822,1971,0,0
0,191,0,0,4823,1971,0,0
0,191,0,0,4824,1971,0,0
0,191,0,0,4825,1971,0,0
0,191,0,0,4826,1971,0,0
0,191,0,0,4827,1971,0,0
0,192,0,0,4828,1971,0,0
0,192,0,0,4829,1971,0,0
0,192,0,0,4830,1971,0,0
0,192,0,0,4831,1971,0,0
0,193,0,0,4832,1971,0,0
0,193,0,0,4833,1971,0,0
0,193,0,0,4834,1971,0,0
0,193,0,0,4835,1971,0,0
0,193,0,0,4836,1971,0,0
0,194,0,0,4837,1971,0,0
0,194,0,0,4838,1971,0,0
0,194,0,0,4839,1971,0,0
0,194,0,0,4840,1971,0,0
0,195,0,0,4841,1971,0,0
0,195,0,0,4842,1971,0,0
0,195,0,0,4843,1971,0,0
0,195,0,0,4844,1971,0,0
0,195,0,0,4845,1971,0,0
0,196,0,0,4846,1971,0,0
0,196,0,0,4847,1971,0,0
0,196,0,0,4848,1971,0,0
0,196,0,0,4849,1971,0,0
0,196,0,0,4850,1971,0,0
0,197,0,0,4851,1971,0,0
0,197,0,0,4852,1971,0,0
0,197,0,0,4853,1971,0,0
0,197,0,0,4854,1971,0,0
0,198,0,0,4855,1971,0,0
0,198,0,0,4856,1971,0,0
0,198,0,0,4857,1971,0,0
0,198,0,0,4858,1971,0,0
0,198,0,0,4859,1971,0,0
0,199,0,0,4860,1971,0,0
0,199,0,0,4861,1971,0,0
0,199,0,0,4862,1971,0,0
0,199,0,0,4863,1971,0,0
0,200,0,0,4864,1971,0,0
0,200,0,0,4865,1971,0,0
0,200,0,0,4866,1971,0,0
0,200,0,0,4867,1971,0,0
0,200,0,0,4868,1971,0,0
0,201,0,0,4869,1971,0,0
0,201,0,0,4870,1971,0,0
0,201,0,0,4871,1971,0,0
0,201,0,0,4872,1971,0,0
0,201,0,0,4873,1971,0,0
0,202,0,0,4874,1971,0,0
0,202,0,0,4875,1971,0,0
0,202,0,0,4876,1971,0,0
0,202,0,0,4877,1971,0,0
0,203,0,0,4878,1971,0,0
0,203,0,0,4879,1971,0,0
0,203,0,0,4880,1971,0,0
0,203,0,0,4881,1971,0,0
0,203,0,0,4882,1971,0,0
0,204,0,0,4883,1971,0,0
0,204,0,0,4884,1971,0,0
0,204,0,0,4885,1971,0,0
0,204,0,0,4886,1971,0,0
0,204,0,0,4887,1971,0,0
0,205,0,0,4888,1971,0,0
0,205,0,0,4889,1971,0,0
0,205,0,0,4890,1971,0,0
0,205,0,0,4891,1971,0,0
0,205,0,0,4892,1971,0,0
0,206,0,0,4893,1971,0,0
0,206,0,0,4894,1971,0,0
0,206,0,0,4895,1971,0,0
0,206,0,0,4896,1971,0,0
0,207,0,0,4897,1971,0,0
0,207,0,0,4898,1971,0,0
0,207,0,0,4899,1971,0,0
0,207,0,0,4900,1971,0,0
0,207,0,0,4901,1971,0,0
0,208,0,0,4902,1971,0,0
0,208,0,0,4903,1971,0,0
0,208,0,0,4904,1971,0,0
0,208,0,0,4905,1971,0,0
0,208,0,0,4906,1971,0,0
0,209,0,0,4907,1971,0,0
0,209,0,0,4908,1971,0,0
0,209,0,0,4909,1971,0,0
0,209,0,0,4910,1971,0,0
0,209,0,0,4911,1971,0,0
0,210,0,0,4912,1971,0,0
0,210,0,0,4913,1971,0,0
0,210,0,0,4914,1971,0,0
0,210,0,0,4915,1971,0,0
0,211,0,0,4916,1971,0,0
0,211,0,0,4917,1971,0,0
0,211,0,0,4918,1972,0,0
0,211,0,0,4919,1972,0,0
0,211,0,0,4920,1972,0,0
0,212,0,0,4921,1972,0,0
0,212,0,0,4922,1972,0,0
0,212,0,0,4923,1972,0,0
0,212,0,0,4924,1972,0,0
0,212,0,0,4925,1972,0,0
0,213,0,0,4926,1972,0,0
0,213,0,0,4927,1972,0,0
0,213,0,0,4928,1972,0,0
0,213,0,0,4929,1972,0,0
0,213,0,0,4930,1972,0,0
0,214,0,0,4931,1972,0,0
0,214,0,0,4932,1972,0,0
0,214,0,0,4933,1972,0,0
0,214,0,0,4934,1972,0,0
0,214,0,0,4935,1972,0,0
0,215,0,0,4936,1972,0,0
0,215,0,0,4937,1972,0,0
0,215,0,0,4938,1972,0,0
0,215,0,0,4939,1972,0,0
0,215,0,0,4940,1972,0,0
0,216,0,0,4941,1972,0,0
0,216,0,0,4942,1972,0,0
0,216,0,0,4943,1972,0,0
0,216,0,0,4944,1972,0,0
0,217,0,0,4945,1972,0,0
0,217,0,0,4946,1972,0,0
0,217,0,0,4947,1972,0,0
0,217,0,0,4948,1972,0,0
0,217,0,0,4949,1972,0,0
0,218,0,0,4950,1972,0,0
0,218,0,0,4951,1972,0,0
0,218,0,0,4952,1972,0,0
0,218,0,0,4953,1972,0,0
0,218,0,0,4954,1972,0,0
0,219,0,0,4955,1972,0,0
0,219,0,0,4956,1972,0,0
0,219,0,0,4957,1972,0,0
0,219,0,0,4958,1972,0,0
0,219,0,0,4959,1972,0,0
0,220,0,0,4960,1972,0,0
0,220,0,0,4961,1972,0,0
0,220,0,0,4962,1972,0,0
0,220,0,0,4963,1972,0,0
0,220,0,0,4964,1972,0,0
0,221,0,0,4965,1972,0,0
0,221,0,0,4966,1972,0,0
0,221,0,0,4967,1972,0,0
0,221,0,0,4968,1972,0,0
0,221,0,0,4969,1972,0,0
0,222,0,0,4970,1972,0,0
0,222,0,0,4971,1972,0,0
0,222,0,0,4972,1972,0,0
0,222,0,0,4973,1972,0,0
0,222,0,0,4974,1973,0,0
0,223,0,0,4975,1973,0,0
0,223,0,0,4976,1973,0,0
0,223,0,0,4977,1973,0,0
0,223,0,0,4978,1973,0,0
0,223,0,0,4979,1973,0,0
0,224,0,0,4980,1973,0,0
0,224,0,0,4981,1973,0,0
0,224,0,0,4982,1973,0,0
0,224,0,0,4983,1973,0,0
0,224,0,0,4984,1973,0,0
0,225,0,0,4985,1973,0,0
0,225,0,0,4986,1973,0,0
0,225,0,0,4987,1973,0,0
0,225,0,0,4988,1973,0,0
0,225,0,0,4989,1973,0,0
0,226,0,0,4990,1973,0,0
0,226,0,0,4991,1973,0,0
0,226,0,0,4992,1973,0,0
0,226,0,0,4993,1973,0,0
0,226,0,0,4994,1973,0,0
0,227,0,0,4995,1973,0,0
0,227,0,0,4996,1973,0,0
0,227,0,0,4997,1973,0,0
0,227,0,0,4998,1973,0,0
0,227,0,0,4999,1973,0,0
0,228,0,0,5000,1973,0,0
0,228,0,0,5001,1973,0,0
0,228,0,0,5002,1973,0,0
0,228,0,0,5003,1973,0,0
0,228,0,0,5004,1973,0,0
0,229,0,0,5005,1973,0,0
0,229,0,0,5006,1973,0,0
0,229,0,0,5007,1973,0,0
0,229,0,0,5008,1973,0,0
0,229,0,0,5009,1973,0,0
0,230,0,0,5010,1973,0,0
0,230,0,0,5011,1973,0,0
0,230,0,0,5012,1974,0,0
0,230,0,0,5013,1974,0,0
0,230,0,0,5014,1974,0,0
0,231,0,0,5015,1974,0,0
0,231,0,0,5016,1974,0,0
0,231,0,0,5017,1974,0,0
0,231,0,0,5018,1974,0,0
0,231,0,0,5019,1974,0,0
0,232,0,0,5020,1974,0,0
0,232,0,0,5021,1974,0,0
0,232,0,0,5022,1974,0,0
0,232,0,0,5023,1974,0,0
0,232,0,0,5024,1974,0,0
0,232,0,0,5025,1974,0,0
0,233,0,0,5026,1974,0,0
0,233,0,0,5027,1974,0,0
0,233,0,0,5028,1974,0,0
0,233,0,0,5029,1974,0,0
0,233,0,0,5030,1974,0,0
0,234,0,0,5031,1974,0,0
0,234,0,0,5032,1974,0,0
0,234,0,0,5033,1974,0,0
0,234,0,0,5034,1974,0,0
0,234,0,0,5035,1974,0,0
0,235,0,0,5036,1974,0,0
0,235,0,0,5037,1974,0,0
0,235,0,0,5038,1974,0,0
0,235,0,0,5039,1974,0,0
0,235,0,0,5040,1974,0,0
0,236,0,0,5041,1974,0,0
0,236,0,0,5042,1975,0,0
0,236,0,0,5043,1975,0,0
0,236,0,0,5044,1975,0,0
0,236,0,0,5045,1975,0,0
0,237,0,0,5046,1975,0,0
0,237,0,0,5047,1975,0,0
0,237,0,0,5048,1975,0,0
0,237,0,0,5049,1975,0,0
0,237,0,0,5050,1975,0,0
0,238,0,0,5051,1975,0,0
0,238,0,0,5052,1975,0,0
0,238,0,0,5053,1975,0,0
0,238,0,0,5054,1975,0,0
0,238,0,0,5055,1975,0,0
0,238,0,0,5056,1975,0,0
0,239,0,0,5057,1975,0,0
0,239,0,0,5058,1975,0,0
0,239,0,0,5059,1975,0,0
0,239,0,0,5060,1975,0,0
0,239,0,0,5061,1975,0,0
0,240,0,0,5062,1975,0,0
0,240,0,0,5063,1975,0,0
0,240,0,0,5064,1975,0,0
0,240,0,0,5065,1975,0,0
0,240,0,0,5066,1975,0,0
0,241,0,0,5067,1975,0,0
0,241,0,0,5068,1975,0,0
0,241,0,0,5069,1976,0,0
0,241,0,0,5070,1976,0,0
0,241,0,0,5071,1976,0,0
0,241,0,0,5072,1976,0,0
0,242,0,0,5073,1976,0,0
0,242,0,0,5074,1976,0,0
0,242,0,0,5075,1976,0,0
0,242,0,0,5076,1976,0,0
0,242,0,0,5077,1976,0,0
0,243,0,0,5078,1976,0,0
0,243,0,0,5079,1976,0,0
0,243,0,0,5080,1976,0,0
0,243,0,0,5081,1976,0,0
0,243,0,0,5082,1976,0,0
0,244,0,0,5083,1976,0,0
0,244,0,0,5084,1976,0,0
0,244,0,0,5085,1976,0,0
0,244,0,0,5086,1976,0,0
0,244,0,0,5087,1976,0,0
0,244,0,0,5088,1976,0,0
0,245,0,0,5089,1976,0,0
0,245,0,0,5090,1976,0,0
0,245,0,0,5091,1976,0,0
0,245,0,0,5092,1976,0,0
0,245,0,0,5093,1977,0,0
0,246,0,0,5094,1977,0,0
0,246,0,0,5095,1977,0,0
0,246,0,0,5096,1977,0,0
0,246,0,0,5097,1977,0,0
0,246,0,0,5098,1977,0,0
0,247,0,0,5099,1977,0,0
0,247,0,0,5100,1977,0,0
0,247,0,0,5101,1977,0,0
0,247,0,0,5102,1977,0,0
0,247,0,0,5103,1977,0,0
0,247,0,0,5104,1977,0,0
0,248,0,0,5105,1977,0,0
0,248,0,0,5106,1977,0,0
0,248,0,0,5107,1977,0,0
0,248,0,0,5108,1977,0,0
0,248,0,0,5109,1977,0,0
0,249,0,0,5110,1977,0,0
0,249,0,0,5111,1977,0,0
0,249,0,0,5112,1977,0,0
0,249,0,0,5113,1977,0,0
0,249,0,0,5114,1977,0,0
0,249,0,0,5115,1978,0,0
0,250,0,0,5116,1978,0,0
0,250,0,0,5117,1978,0,0
0,250,0,0,5118,1978,0,0
0,250,0,0,5119,1978,0,0
0,250,0,0,5120,1978,0,0
0,251,0,0,5121,1978,0,0
0,251,0,0,5122,1978,0,0
0,251,0,0,5123,1978,0,0
0,251,0,0,5124,1978,0,0
0,251,0,0,5125,1978,0,0
0,251,0,0,5126,1978,0,0
0,252,0,0,5127,1978,0,0
0,252,0,0,5128,1978,0,0
0,252,0,0,5129,1978,0,0
0,252,0,0,5130,1978,0,0
0,252,0,0,5131,1978,0,0
0,253,0,0,5132,1978,0,0
0,253,0,0,5133,1978,0,0
0,253,0,0,5134,1978,0,0
0,253,0,0,5135,1978,0,0
0,253,0,0,5136,1979,0,0
0,253,0,0,5137,1979,0,0
0,254,0,0,5138,1979,0,0
0,254,0,0,5139,1979,0,0
0,254,0,0,5140,1979,0,0
0,254,0,0,5141,1979,0,0
0,254,0,0,5142,1979,0,0
0,255,0,0,5143,1979,0,0
0,255,0,0,5144,1979,0,0
0,255,0,0,5145,1979,0,0
0,255,0,0,5146,1979,0,0
0,255,0,0,5147,1979,0,0
0,255,0,0,5148,1979,0,0
0,256,0,0,5149,1979,0,0
0,256,0,0,5150,1979,0,0
0,256,0,0,5151,1979,0,0
0,256,0,0,5152,1979,0,0
0,256,0,0,5153,1979,0,0
0,256,0,0,5154,1979,0,0
0,257,0,0,5155,1980,0,0
0,257,0,0,5156,1980,0,0
0,257,0,0,5157,1980,0,0
0,257,0,0,5158,1980,0,0
0,257,0,0,5159,1980,0,0
0,258,0,0,5160,1980,0,0
0,258,0,0,5161,1980,0,0
0,258,0,0,5162,1980,0,0
0,258,0,0,5163,1980,0,0
0,258,0,0,5164,1980,0,0
0,258,0,0,5165,1980,0,0
0,259,0,0,5166,1980,0,0
0,259,0,0,5167,1980,0,0
0,259,0,0,5168,1980,0,0
0,259,0,0,5169,1980,0,0
0,259,0,0,5170,1980,0,0
0,259,0,0,5171,1980,0,0
0,260,0,0,5172,1980,0,0
0,260,0,0,5173,1981,0,0
0,260,0,0,5174,1981,0,0
0,260,0,0,5175,1981,0,0
0,260,0,0,5176,1981,0,0
0,261,0,0,5177,1981,0,0
0,261,0,0,5178,1981,0,0
0,261,0,0,5179,1981,0,0
0,261,0,0,5180,1981,0,0
0,261,0,0,5181,1981,0,0
0,261,0,0,5182,1981,0,0
0,262,0,0,5183,1981,0,0
0,262,0,0,5184,1981,0,0
0,262,0,0,5185,1981,0,0
0,262,0,0,5186,1981,0,0
0,262,0,0,5187,1981,0,0
0,262,0,0,5188,1981,0,0
0,263,0,0,5189,1981,0,0
0,263,0,0,5190,1982,0,0
0,263,0,0,5191,1982,0,0
0,263,0,0,5192,1982,0,0
0,263,0,0,5193,1982,0,0
0,263,0,0,5194,1982,0,0
0,264,0,0,5195,1982,0,0
0,264,0,0,5196,1982,0,0
0,264,0,0,5197,1982,0,0
0,264,0,0,5198,1982,0,0
0,264,0,0,5199,1982,0,0
0,265,0,0,5200,1982,0,0
0,265,0,0,5201,1982,0,0
0,265,0,0,5202,1982,0,0
0,265,0,0,5203,1982,0,0
0,265,0,0,5204,1982,0,0
0,265,0,0,5205,1982,0,0
0,266,0,0,5206,1982,0,0
0,266,0,0,5207,1983,0,0
0,266,0,0,5208,1983,0,0
0,266,0,0,5209,1983,0,0
0,266,0,0,5210,1983,0,0
0,266,0,0,5211,1983,0,0
0,267,0,0,5212,1983,0,0
0,267,0,0,5213,1983,0,0
0,267,0,0,5214,1983,0,0
0,267,0,0,5215,1983,0,0
0,267,0,0,5216,1983,0,0
0,267,0,0,5217,1983,0,0
0,268,0,0,5218,1983,0,0
0,268,0,0,5219,1983,0,0
0,268,0,0,5220,1983,0,0
0,268,0,0,5221,1983,0,0
0,268,0,0,5222,1983,0,0
0,268,0,0,5223,1984,0,0
0,269,0,0,5224,1984,0,0
0,269,0,0,5225,1984,0,0
0,269,0,0,5226,1984,0,0
0,269,0,0,5227,1984,0,0
0,269,0,0,5228,1984,0,0
0,269,0,0,5229,1984,0,0
0,270,0,0,5230,1984,0,0
0,270,0,0,5231,1984,0,0
0,270,0,0,5232,1984,0,0
0,270,0,0,5233,1984,0,0
0,270,0,0,5234,1984,0,0
0,270,0,0,5235,1984,0,0
0,271,0,0,5236,1984,0,0
0,271,0,0,5237,1984,0,0
0,271,0,0,5238,1985,0,0
0,271,0,0,5239,1985,0,0
0,271,0,0,5240,1985,0,0
0,271,0,0,5241,1985,0,0
0,272,0,0,5242,1985,0,0
0,272,0,0,5243,1985,0,0
0,272,0,0,5244,1985,0,0
0,272,0,0,5245,1985,0,0
0,272,0,0,5246,1985,0,0
0,272,0,0,5247,1985,0,0
0,273,0,0,5248,1985,0,0
0,273,0,0,5249,1985,0,0
0,273,0,0,5250,1985,0,0
0,273,0,0,5251,1985,0,0
0,273,0,0,5252,1985,0,0
0,273,0,0,5253,1986,0,0
0,274,0,0,5254,1986,0,0
0,274,0,0,5255,1986,0,0
0,274,0,0,5256,1986,0,0
0,274,0,0,5257,1986,0,0
0,274,0,0,5258,1986,0,0
0,274,0,0,5259,1986,0,0
0,275,0,0,5260,1986,0,0
0,275,0,0,5261,1986,0,0
0,275,0,0,5262,1986,0,0
0,275,0,0,5263,1986,0,0
0,275,0,0,5264,1986,0,0
0,275,0,0,5265,1986,0,0
0,275,0,0,5266,1986,0,0
0,276,0,0,5267,1987,0,0
0,276,0,0,5268,1987,0,0
0,276,0,0,5269,1987,0,0
0,276,0,0,5270,1987,0,0
0,276,0,0,5271,1987,0,0
0,276,0,0,5272,1987,0,0
0,277,0,0,5273,1987,0,0
0,277,0,0,5274,1987,0,0
0,277,0,0,5275,1987,0,0
0,277,0,0,5276,1987,0,0
0,277,0,0,5277,1987,0,0
0,277,0,0,5278,1987,0,0
0,278,0,0,5279,1987,0,0
0,278,0,0,5280,1987,0,0
0,278,0,0,5281,1988,0,0
0,278,0,0,5282,1988,0,0
0,278,0,0,5283,1988,0,0
0,278,0,0,5284,1988,0,0
0,279,0,0,5285,1988,0,0
0,279,0,0,5286,1988,0,0
0,279,0,0,5287,1988,0,0
0,279,0,0,5288,1988,0,0
0,279,0,0,5289,1988,0,0
0,279,0,0,5290,1988,0,0
0,279,0,0,5291,1988,0,0
0,280,0,0,5292,1988,0,0
0,280,0,0,5293,1988,0,0
0,280,0,0,5294,1988,0,0
0,280,0,0,5295,1989,0,0
0,280,0,0,5296,1989,0,0
0,280,0,0,5297,1989,0,0
0,281,0,0,5298,1989,0,0
0,281,0,0,5299,1989,0,0
0,281,0,0,5300,1989,0,0
0,281,0,0,5301,1989,0,0
0,281,0,0,5302,1989,0,0
0,281,0,0,5303,1989,0,0
0,282,0,0,5304,1989,0,0
0,282,0,0,5305,1989,0,0
0,282,0,0,5306,1989,0,0
0,282,0,0,5307,1989,0,0
0,282,0,0,5308,1990,0,0
0,282,0,0,5309,1990,0,0
0,282,0,0,5310,1990,0,0
0,283,0,0,5311,1990,0,0
0,283,0,0,5312,1990,0,0
0,283,0,0,5313,1990,0,0
0,283,0,0,5314,1990,0,0
0,283,0,0,5315,1990,0,0
0,283,0,0,5316,1990,0,0
0,284,0,0,5317,1990,0,0
0,284,0,0,5318,1990,0,0
0,284,0,0,5319,1990,0,0
0,284,0,0,5320,1990,0,0
0,284,0,0,5321,1991,0,0
0,284,0,0,5322,1991,0,0
0,284,0,0,5323,1991,0,0
0,285,0,0,5324,1991,0,0
0,285,0,0,5325,1991,0,0
0,285,0,0,5326,1991,0,0
0,285,0,0,5327,1991,0,0
0,285,0,0,5328,1991,0,0
0,285,0,0,5329,1991,0,0
0,286,0,0,5330,1991,0,0
0,286,0,0,5331,1991,0,0
0,286,0,0,5332,1991,0,0
0,286,0,0,5333,1991,0,0
0,286,0,0,5334,1992,0,0
0,286,0,0,5335,1992,0,0
0,286,0,0,5336,1992,0,0
0,287,0,0,5337,1992,0,0
0,287,0,0,5338,1992,0,0
0,287,0,0,5339,1992,0,0
0,287,0,0,5340,1992,0,0
0,287,0,0,5341,1992,0,0
0,287,0,0,5342,1992,0,0
0,288,0,0,5343,1992,0,0
0,288,0,0,5344,1992,0,0
0,288,0,0,5345,1992,0,0
0,288,0,0,5346,1992,0,0
0,288,0,0,5347,1993,0,0
0,288,0,0,5348,1993,0,0
0,288,0,0,5349,1993,0,0
0,289,0,0,5350,1993,0,0
0,289,0,0,5351,1993,0,0
0,289,0,0,5352,1993,0,0
0,289,0,0,5353,1993,0,0
0,289,0,0,5354,1993,0,0
0,289,0,0,5355,1993,0,0
0,289,0,0,5356,1993,0,0
0,290,0,0,5357,1993,0,0
0,290,0,0,5358,1993,0,0
0,290,0,0,5359,1994,0,0
0,290,0,0,5360,1994,0,0
0,290,0,0,5361,1994,0,0
0,290,0,0,5362,1994,0,0
0,291,0,0,5363,1994,0,0
0,291,0,0,5364,1994,0,0
0,291,0,0,5365,1994,0,0
0,291,0,0,5366,1994,0,0
0,291,0,0,5367,1994,0,0
0,291,0,0,5368,1994,0,0
0,291,0,0,5369,1994,0,0
0,292,0,0,5370,1994,0,0
0,292,0,0,5371,1995,0,0
0,292,0,0,5372,1995,0,0
0,292,0,0,5373,1995,0,0
0,292,0,0,5374,1995,0,0
0,292,0,0,5375,1995,0,0
0,292,0,0,5376,1995,0,0
0,293,0,0,5377,1995,0,0
0,293,0,0,5378,1995,0,0
0,293,0,0,5379,1995,0,0
0,293,0,0,5380,1995,0,0
0,293,0,0,5381,1995,0,0
0,293,0,0,5382,1995,0,0
0,293,0,0,5383,1996,0,0
0,294,0,0,5384,1996,0,0
0,294,0,0,5385,1996,0,0
0,294,0,0,5386,1996,0,0
0,294,0,0,5387,1996,0,0
0,294,0,0,5388,1996,0,0
0,294,0,0,5389,1996,0,0
0,294,0,0,5390,1996,0,0
0,295,0,0,5391,1996,0,0
0,295,0,0,5392,1996,0,0
0,295,0,0,5393,1996,0,0
0,295,0,0,5394,1997,0,0
0,295,0,0,5395,1997,0,0
0,295,0,0,5396,1997,0,0
0,295,0,0,5397,1997,0,0
0,296,0,0,5398,1997,0,0
0,296,0,0,5399,1997,0,0
0,296,0,0,5400,1997,0,0
0,296,0,0,5401,1997,0,0
0,296,0,0,5402,1997,0,0
0,296,0,0,5403,1997,0,0
0,296,0,0,5404,1997,0,0
0,297,0,0,5405,1997,0,0
0,297,0,0,5406,1998,0,0
0,297,0,0,5407,1998,0,0
0,297,0,0,5408,1998,0,0
0,297,0,0,5409,1998,0,0
0,297,0,0,5410,1998,0,0
0,297,0,0,5411,1998,0,0
0,298,0,0,5412,1998,0,0
0,298,0,0,5413,1998,0,0
0,298,0,0,5414,1998,0,0
0,298,0,0,5415,1998,0,0
0,298,0,0,5416,1998,0,0
0,298,0,0,5417,1999,0,0
0,298,0,0,5418,1999,0,0
0,299,0,0,5419,1999,0,0
0,299,0,0,5420,1999,0,0
0,299,0,0,5421,1999,0,0
0,299,0,0,5422,1999,0,0
0,299,0,0,5423,1999,0,0
0,299,0,0,5424,1999,0,0
0,299,0,0,5425,1999,0,0
0,300,0,0,5426,1999,0,0
0,300,0,0,5427,1999,0,0
0,300,0,0,5428,2000,0,0
0,300,0,0,5429,2000,0,0
0,300,0,0,5430,2000,0,0
0,300,0,0,5431,2000,0,0
0,300,0,0,5432,2000,0,0
0,301,0,0,5433,2000,0,0
0,301,0,0,5434,2000,0,0
0,301,0,0,5435,2000,0,0
0,301,0,0,5436,2000,0,0
0,301,0,0,5437,2000,0,0
0,301,0,0,5438,2000,0,0
0,301,0,0,5439,2001,0,0
0,302,0,0,5440,2001,0,0
0,302,0,0,5441,2001,0,0
0,302,0,0,5442,2001,0,0
0,302,0,0,5443,2001,0,0
0,302,0,0,5444,2001,0,0
0,302,0,0,5445,2001,0,0
0,302,0,0,5446,2001,0,0
0,302,0,0,5447,2001,0,0
0,303,0,0,5448,2001,0,0
0,303,0,0,5449,2001,0,0
0,303,0,0,5450,2002,0,0
0,303,0,0,5451,2002,0,0
0,303,0,0,5452,2002,0,0
0,303,0,0,5453,2002,0,0
0,303,0,0,5454,2002,0,0
0,304,0,0,5455,2002,0,0
0,304,0,0,5456,2002,0,0
0,304,0,0,5457,2002,0,0
0,304,0,0,5458,2002,0,0
0,304,0,0,5459,2002,0,0
0,304,0,0,5460,2003,0,0
0,304,0,0,5461,2003,0,0
0,304,0,0,5462,2003,0,0
0,305,0,0,5463,2003,0,0
0,305,0,0,5464,2003,0,0
0,305,0,0,5465,2003,0,0
0,305,0,0,5466,2003,0,0
0,305,0,0,5467,2003,0,0
0,305,0,0,5468,2003,0,0
0,305,0,0,5469,2003,0,0
0,306,0,0,5470,2003,0,0
0,306,0,0,5471,2004,0,0
0,306,0,0,5472,2004,0,0
0,306,0,0,5473,2004,0,0
0,306,0,0,5474,2004,0,0
0,306,0,0,5475,2004,0,0
0,306,0,0,5476,2004,0,0
0,306,0,0,5477,2004,0,0
0,307,0,0,5478,2004,0,0
0,307,0,0,5479,2004,0,0
0,307,0,0,5480,2004,0,0
0,307,0,0,5481,2005,0,0
0,307,0,0,5482,2005,0,0
0,307,0,0,5483,2005,0,0
0,307,0,0,5484,2005,0,0
0,308,0,0,5485,2005,0,0
0,308,0,0,5486,2005,0,0
0,308,0,0,5487,2005,0,0
0,308,0,0,5488,2005,0,0
0,308,0,0,5489,2005,0,0
0,308,0,0,5490,2005,0,0
0,308,0,0,5491,2006,0,0
0,308,0,0,5492,2006,0,0
0,309,0,0,5493,2006,0,0
0,309,0,0,5494,2006,0,0
0,309,0,0,5495,2006,0,0
0,309,0,0,5496,2006,0,0
0,309,0,0,5497,2006,0,0
0,309,0,0,5498,2006,0,0
0,309,0,0,5499,2006,0,0
0,309,0,0,5500,2006,0,0
0,310,0,0,5501,2007,0,0
0,310,0,0,5502,2007,0,0
0,310,0,0,5503,2007,0,0
0,310,0,0,5504,2007,0,0
0,310,0,0,5505,2007,0,0
0,310,0,0,5506,2007,0,0
0,310,0,0,5507,2007,0,0
0,310,0,0,5508,2007,0,0
0,311,0,0,5509,2007,0,0
0,311,0,0,5510,2007,0,0
0,311,0,0,5511,2008,0,0
0,311,0,0,5512,2008,0,0
0,311,0,0,5513,2008,0,0
0,311,0,0,5514,2008,0,0
0,311,0,0,5515,2008,0,0
0,311,0,0,5516,2008,0,0
0,312,0,0,5517,2008,0,0
0,312,0,0,5518,2008,0,0
0,312,0,0,5519,2008,0,0
0,312,0,0,5520,2008,0,0
0,312,0,0,5521,2009,0,0
0,312,0,0,5522,2009,0,0
0,312,0,0,5523,2009,0,0
0,312,0,0,5524,2009,0,0
0,313,0,0,5525,2009,0,0
0,313,0,0,5526,2009,0,0
0,313,0,0,5527,2009,0,0
0,313,0,0,5528,2009,0,0
0,313,0,0,5529,2009,0,0
0,313,0,0,5530,2009,0,0
0,313,0,1,5531,2010,0,0
0,313,0,1,5532,2010,0,0
0,314,1,1,5533,2010,0,0
0,312,1,1,5534,2010,0,0
0,310,1,1,5535,2010,0,0
0,309,1,1,5536,2010,0,0
0,307,1,1,5537,2010,0,0
0,305,1,1,5538,2010,0,0
0,304,1,1,5539,2010,0,0
0,302,1,1,5540,2010,0,0
0,301,1,1,5541,2011,0,0
0,299,1,1,5542,2011,0,0
0,297,1,1,5543,2011,0,0
0,296,1,1,5544,2011,0,0
0,294,1,1,5545,2011,0,0
0,292,1,1,5546,2011,0,0
0,291,1,1,5547,2011,0,0
0,289,1,1,5548,2011,0,0
0,287,1,1,5549,2011,0,0
0,286,1,1,5550,2011,0,0
0,284,1,1,5551,2011,0,0
0,283,1,1,5552,2011,0,0
0,281,1,1,5553,2012,0,0
0,279,1,1,5554,2012,0,0
0,278,1,1,5555,2012,0,0
0,276,1,1,5556,2012,0,0
0,274,1,1,5557,2012,0,0
0,273,1,1,5558,2012,0,0
0,271,1,1,5559,2012,0,0
0,270,1,1,5560,2012,0,0
0,268,1,1,5561,2012,0,0
0,266,1,1,5562,2012,0,0
0,265,1,1,5563,2012,0,0
0,263,1,1,5564,2012,0,0
0,261,1,1,5565,2012,0,0
0,260,1,1,5566,2012,0,0
0,258,1,1,5567,2012,0,0
0,257,1,1,5568,2012,0,0
0,255,1,1,5569,2013,0,0
0,253,1,1,5570,2013,0,0
0,252,1,1,5571,2013,0,0
0,250,1,1,5572,2013,0,0
0,248,1,1,5573,2013,0,0
0,247,1,1,5574,2013,0,0
0,245,1,1,5575,2013,0,0
0,244,1,1,5576,2013,0,0
0,242,1,1,5577,2013,0,0
0,240,1,1,5578,2013,0,0
0,239,1,1,5579,2013,0,0
0,237,1,1,5580,2013,0,0
0,236,1,1,5581,2013,0,0
0,234,1,1,5582,2013,0,0
0,232,1,1,5583,2013,0,0
0,231,1,1,5584,2013,0,0
0,229,1,1,5585,2013,0,0
0,227,1,1,5586,2013,0,0
0,226,1,1,5587,2013,0,0
0,224,1,1,5588,2013,0,0
0,223,1,1,5589,2013,0,0
0,221,1,1,5590,2013,0,0
0,219,1,1,5591,2013,0,0
0,218,1,1,5592,2013,0,0
0,216,1,1,5593,2013,0,0
0,215,1,1,5594,2013,0,0
0,213,1,1,5595,2013,0,0
0,211,1,1,5596,2013,0,0
0,210,1,1,5597,2013,0,0
0,208,1,1,5598,2013,0,0
0,207,1,1,5599,2013,0,0
0,205,1,1,5600,2013,0,0
0,203,1,1,5601,2013,0,0
0,202,1,1,5602,2013,0,0
0,200,1,1,5603,2013,0,0
0,199,1,1,5604,2013,0,0
0,197,1,1,5605,2013,0,0
0,195,1,1,5606,2013,0,0
0,194,1,1,5607,2013,0,0
0,192,1,1,5608,2013,0,0
0,191,1,1,5609,2013,0,0
0,189,1,1,5610,2013,0,0
0,187,1,1,5611,2013,0,0
0,186,1,1,5612,2013,0,0
0,184,1,1,5613,2013,0,0
0,183,1,1,5614,2013,0,0
0,181,1,1,5615,2013,0,0
0,179,1,1,5616,2013,0,0
0,178,1,1,5617,2013,0,0
0,176,1,1,5618,2013,0,0
0,175,1,1,5619,2013,0,0
0,173,1,1,5620,2013,0,0
0,172,1,1,5621,2013,0,0
0,170,1,1,5622,2013,0,0
0,168,1,1,5623,2013,0,0
0,167,1,1,5624,2013,0,0
0,165,1,1,5625,2013,0,0
0,164,1,1,5626,2013,0,0
0,162,1,1,5627,2013,0,0
0,160,1,1,5628,2013,0,0
0,159,1,1,5629,2013,0,0
0,157,1,1,5630,2013,0,0
0,156,1,1,5631,2013,0,0
0,154,1,1,5632,2013,0,0
0,153,1,1,5633,2013,0,0
0,151,1,1,5634,2013,0,0
0,149,1,1,5635,2013,0,0
0,148,1,1,5636,2013,0,0
0,146,1,1,5637,2013,0,0
0,145,1,1,5638,2012,0,0
0,143,1,1,5639,2012,0,0
0,141,1,1,5640,2012,0,0
0,140,1,1,5641,2012,0,0
0,138,1,1,5642,2012,0,0
0,137,1,1,5643,2012,0,0
0,135,1,1,5644,2012,0,0
0,134,1,1,5645,2012,0,0
0,132,1,1,5646,2012,0,0
0,130,1,1,5647,2012,0,0
0,129,1,1,5648,2012,0,0
0,127,1,1,5649,2012,0,0
0,126,1,1,5650,2012,0,0
0,124,1,1,5651,2012,0,0
0,123,1,1,5652,2012,0,0
0,121,1,1,5653,2012,0,0
0,119,1,1,5654,2011,0,0
0,118,1,1,5655,2011,0,0
0,116,1,1,5656,2011,0,0
0,115,1,1,5657,2011,0,0
0,113,1,1,5658,2011,0,0
0,112,1,1,5659,2011,0,0
0,110,1,1,5660,2011,0,0
0,109,1,1,5661,2011,0,0
0,107,1,1,5662,2011,0,0
0,105,1,1,5663,2011,0,0
0,104,1,1,5664,2011,0,0
0,102,1,1,5665,2011,0,0
0,101,1,1,5666,2011,0,0
0,99,1,1,5667,2010,0,0
0,98,1,1,5668,2010,0,0
0,96,1,1,5669,2010,0,0
0,95,1,1,5670,2010,0,0
0,93,1,1,5671,2010,0,0
0,91,1,1,5672,2010,0,0
0,90,1,1,5673,2010,0,0
0,88,1,1,5674,2010,0,0
0,87,1,1,5675,2010,0,0
0,85,1,1,5676,2010,0,0
0,84,1,0,5677,2009,0,0
0,82,1,0,5678,2009,0,0
0,81,0,0,5679,2009,0,0
0,81,0,0,5680,2009,0,0
0,81,0,0,5681,2009,0,0
0,81,0,0,5682,2009,0,0
0,82,0,0,5683,2009,0,0
0,82,0,0,5684,2009,0,0
0,82,0,0,5685,2009,0,0
0,82,0,0,5686,2008,0,0
0,83,0,0,5687,2008,0,0
0,83,0,0,5688,2008,0,0
0,83,0,0,5689,2008,0,0
0,83,0,0,5690,2008,0,0
0,84,0,0,5691,2008,0,0
0,84,0,0,5692,2008,0,0
0,84,0,0,5693,2008,0,0
0,84,0,0,5694,2008,0,0
0,85,0,0,5695,2008,0,0
0,85,0,0,5696,2007,0,0
0,85,0,0,5697,2007,0,0
0,85,0,0,5698,2007,0,0
0,86,0,0,5699,2007,0,0
0,86,0,0,5700,2007,0,0
0,86,0,0,5701,2007,0,0
0,86,0,0,5702,2007,0,0
0,87,0,0,5703,2007,0,0
0,87,0,0,5704,2007,0,0
0,87,0,0,5705,2006,0,0
0,87,0,0,5706,2006,0,0
0,88,0,0,5707,2006,0,0
0,88,0,0,5708,2006,0,0
0,88,0,0,5709,2006,0,0
0,88,0,0,5710,2006,0,0
0,89,0,0,5711,2006,0,0
0,89,0,0,5712,2006,0,0
0,89,0,0,5713,2006,0,0
0,89,0,0,5714,2006,0,0
0,90,0,0,5715,2005,0,0
0,90,0,0,5716,2005,0,0
0,90,0,0,5717,2005,0,0
0,90,0,0,5718,2005,0,0
0,91,0,0,5719,2005,0,0
0,91,0,0,5720,2005,0,0
0,91,0,0,5721,2005,0,0
0,91,0,0,5722,2005,0,0
0,92,0,0,5723,2005,0,0
0,92,0,0,5724,2005,0,0
0,92,0,0,5725,2004,0,0
0,92,0,0,5726,2004,0,0
0,93,0,0,5727,2004,0,0
0,93,0,0,5728,2004,0,0
0,93,0,0,5729,2004,0,0
0,93,0,0,5730,2004,0,0
0,94,0,0,5731,2004,0,0
0,94,0,0,5732,2004,0,0
0,94,0,0,5733,2004,0,0
0,94,0,0,5734,2004,0,0
0,94,0,0,5735,2003,0,0
0,95,0,0,5736,2003,0,0
0,95,0,0,5737,2003,0,0
0,95,0,0,5738,2003,0,0
0,95,0,0,5739,2003,0,0
0,96,0,0,5740,2003,0,0
0,96,0,0,5741,2003,0,0
0,96,0,0,5742,2003,0,0
0,96,0,0,5743,2003,0,0
0,97,0,0,5744,2003,0,0
0,97,0,0,5745,2003,0,0
0,97,0,0,5746,2002,0,0
0,97,0,0,5747,2002,0,0
0,98,0,0,5748,2002,0,0
0,98,0,0,5749,2002,0,0
0,98,0,0,5750,2002,0,0
0,98,0,0,5751,2002,0,0
0,99,0,0,5752,2002,0,0
0,99,0,0,5753,2002,0,0
0,99,0,0,5754,2002,0,0
0,99,0,0,5755,2002,0,0
0,100,0,0,5756,2002,0,0
0,100,0,0,5757,2001,0,0
0,100,0,0,5758,2001,0,0
0,100,0,0,5759,2001,0,0
0,101,0,0,5760,2001,0,0
0,101,0,0,5761,2001,0,0
0,101,0,0,5762,2001,0,0
0,101,0,0,5763,2001,0,0
0,102,0,0,5764,2001,0,0
0,102,0,0,5765,2001,0,0
0,102,0,0,5766,2001,0,0
0,102,0,0,5767,2001,0,0
0,103,0,0,5768,2000,0,0
0,103,0,0,5769,2000,0,0
0,103,0,0,5770,2000,0,0
0,103,0,0,5771,2000,0,0
0,104,0,0,5772,2000,0,0
0,104,0,0,5773,2000,0,0
0,104,0,0,5774,2000,0,0
0,104,0,0,5775,2000,0,0
0,105,0,0,5776,2000,0,0
0,105,0,0,5777,2000,0,0
0,105,0,0,5778,2000,0,0
0,105,0,0,5779,1999,0,0
0,106,0,0,5780,1999,0,0
0,106,0,0,5781,1999,0,0
0,106,0,0,5782,1999,0,0
0,106,0,0,5783,1999,0,0
0,107,0,0,5784,1999,0,0
0,107,0,0,5785,1999,0,0
0,107,0,0,5786,1999,0,0
0,107,0,0,5787,1999,0,0
0,108,0,0,5788,1999,0,0
0,108,0,0,5789,1999,0,0
0,108,0,0,5790,1999,0,0
0,108,0,0,5791,1998,0,0
0,108,0,0,5792,1998,0,0
0,109,0,0,5793,1998,0,0
0,109,0,0,5794,1998,0,0
0,109,0,0,5795,1998,0,0
0,109,0,0,5796,1998,0,0
0,110,0,0,5797,1998,0,0
0,110,0,0,5798,1998,0,0
0,110,0,0,5799,1998,0,0
0,110,0,0,5800,1998,0,0
0,111,0,0,5801,1998,0,0
0,111,0,0,5802,1998,0,0
0,111,0,0,5803,1997,0,0
0,111,0,0,5804,1997,0,0
0,112,0,0,5805,1997,0,0
0,112,0,0,5806,1997,0,0
0,112,0,0,5807,1997,0,0
0,112,0,0,5808,1997,0,0
0,113,0,0,5809,1997,0,0
0,113,0,0,5810,1997,0,0
0,113,0,0,5811,1997,0,0
0,113,0,0,5812,1997,0,0
0,114,0,0,5813,1997,0,0
0,114,0,0,5814,1997,0,0
0,114,0,0,5815,1997,0,0
0,114,0,0,5816,1996,0,0
0,115,0,0,5817,1996,0,0
0,115,0,0,5818,1996,0,0
0,115,0,0,5819,1996,0,0
0,115,0,0,5820,1996,0,0
0,116,0,0,5821,1996,0,0
0,116,0,0,5822,1996,0,0
0,116,0,0,5823,1996,0,0
0,116,0,0,5824,1996,0,0
0,116,0,0,5825,1996,0,0
0,117,0,0,5826,1996,0,0
0,117,0,0,5827,1996,0,0
0,117,0,0,5828,1996,0,0
0,117,0,0,5829,1995,0,0
0,118,0,0,5830,1995,0,0
0,118,0,0,5831,1995,0,0
0,118,0,0,5832,1995,0,0
0,118,0,0,5833,1995,0,0
0,119,0,0,5834,1995,0,0
0,119,0,0,5835,1995,0,0
0,119,0,0,5836,1995,0,0
0,119,0,0,5837,1995,0,0
0,120,0,0,5838,1995,0,0
0,120,0,0,5839,1995,0,0
0,120,0,0,5840,1995,0,0
0,120,0,0,5841,1995,0,0
0,121,0,0,5842,1995,0,0
0,121,0,0,5843,1994,0,0
0,121,0,0,5844,1994,0,0
0,121,0,0,5845,1994,0,0
0,122,0,0,5846,1994,0,0
0,122,0,0,5847,1994,0,0
0,122,0,0,5848,1994,0,0
0,122,0,0,5849,1994,0,0
0,122,0,0,5850,1994,0,0
0,123,0,0,5851,1994,0,0
0,123,0,0,5852,1994,0,0
0,123,0,0,5853,1994,0,0
0,123,0,0,5854,1994,0,0
0,124,0,0,5855,1994,0,0
0,124,0,0,5856,1994,0,0
0,124,0,0,5857,1993,0,0
0,124,0,0,5858,1993,0,0
0,125,0,0,5859,1993,0,0
0,125,0,0,5860,1993,0,0
0,125,0,0,5861,1993,0,0
0,125,0,0,5862,1993,0,0
0,126,0,0,5863,1993,0,0
0,126,0,0,5864,1993,0,0
0,126,0,0,5865,1993,0,0
0,126,0,0,5866,1993,0,0
0,127,0,0,5867,1993,0,0
0,127,0,0,5868,1993,0,0
0,127,0,0,5869,1993,0,0
0,127,0,0,5870,1993,0,0
0,127,0,0,5871,1993,0,0
0,128,0,0,5872,1992,0,0
0,128,0,0,5873,1992,0,0
0,128,0,0,5874,1992,0,0
0,128,0,0,5875,1992,0,0
0,129,0,0,5876,1992,0,0
0,129,0,0,5877,1992,0,0
0,129,0,0,5878,1992,0,0
0,129,0,0,5879,1992,0,0
0,130,0,0,5880,1992,0,0
0,130,0,0,5881,1992,0,0
0,130,0,0,5882,1992,0,0
0,130,0,0,5883,1992,0,0
0,131,0,0,5884,1992,0,0
0,131,0,0,5885,1992,0,0
0,131,0,0,5886,1992,0,0
0,131,0,0,5887,1992,0,0
0,132,0,0,5888,1991,0,0
0,132,0,0,5889,1991,0,0
0,132,0,0,5890,1991,0,0
0,132,0,0,5891,1991,0,0
0,132,0,0,5892,1991,0,0
0,133,0,0,5893,1991,0,0
0,133,0,0,5894,1991,0,0
0,133,0,0,5895,1991,0,0
0,133,0,0,5896,1991,0,0
0,134,0,0,5897,1991,0,0
0,134,0,0,5898,1991,0,0
0,134,0,0,5899,1991,0,0
0,134,0,0,5900,1991,0,0
0,135,0,0,5901,1991,0,0
0,135,0,0,5902,1991,0,0
0,135,0,0,5903,1991,0,0
0,135,0,0,5904,1991,0,0
0,136,0,0,5905,1990,0,0
0,136,0,0,5906,1990,0,0
0,136,0,0,5907,1990,0,0
0,136,0,0,5908,1990,0,0
0,136,0,0,5909,1990,0,0
0,137,0,0,5910,1990,0,0
0,137,0,0,5911,1990,0,0
0,137,0,0,5912,1990,0,0
0,137,0,0,5913,1990,0,0
0,138,0,0,5914,1990,0,0
0,138,0,0,5915,1990,0,0
0,138,0,0,5916,1990,0,0
0,138,0,0,5917,1990,0,0
0,139,0,0,5918,1990,0,0
0,139,0,0,5919,1990,0,0
0,139,0,0,5920,1990,0,0
0,139,0,0,5921,1990,0,0
0,140,0,0,5922,1990,0,0
0,140,0,0,5923,1989,0,0
0,140,0,0,5924,1989,0,0
0,140,0,0,5925,1989,0,0
0,140,0,0,5926,1989,0,0
0,141,0,0,5927,1989,0,0
0,141,0,0,5928,1989,0,0
0,141,0,0,5929,1989,0,0
0,141,0,0,5930,1989,0,0
0,142,0,0,5931,1989,0,0
0,142,0,0,5932,1989,0,0
0,142,0,0,5933,1989,0,0
0,142,0,0,5934,1989,0,0
0,143,0,0,5935,1989,0,0
0,143,0,0,5936,1989,0,0
0,143,0,0,5937,1989,0,0
0,143,0,0,5938,1989,0,0
0,143,0,0,5939,1989,0,0
0,144,0,0,5940,1989,0,0
0,144,0,0,5941,1989,0,0
0,144,0,0,5942,1988,0,0
0,144,0,0,5943,1988,0,0
0,145,0,0,5944,1988,0,0
0,145,0,0,5945,1988,0,0
0,145,0,0,5946,1988,0,0
0,145,0,0,5947,1988,0,0
0,146,0,0,5948,1988,0,0
0,146,0,0,5949,1988,0,0
0,146,0,0,5950,1988,0,0
0,146,0,0,5951,1988,0,0
0,146,0,0,5952,1988,0,0
0,147,0,0,5953,1988,0,0
0,147,0,0,5954,1988,0,0
0,147,0,0,5955,1988,0,0
0,147,0,0,5956,1988,0,0
0,148,0,0,5957,1988,0,0
0,148,0,0,5958,1988,0,0
0,148,0,0,5959,1988,0,0
0,148,0,0,5960,1988,0,0
0,149,0,0,5961,1988,0,0
0,149,0,0,5962,1988,0,0
0,149,0,0,5963,1988,0,0
0,149,0,0,5964,1987,0,0
0,149,0,0,5965,1987,0,0
0,150,0,0,5966,1987,0,0
0,150,0,0,5967,1987,0,0
0,150,0,0,5968,1987,0,0
0,150,0,0,5969,1987,0,0
0,151,0,0,5970,1987,0,0
0,151,0,0,5971,1987,0,0
0,151,0,0,5972,1987,0,0
0,151,0,0,5973,1987,0,0
0,152,0,0,5974,1987,0,0
0,152,0,0,5975,1987,0,0
0,152,0,0,5976,1987,0,0
0,152,0,0,5977,1987,0,0
0,152,0,0,5978,1987,0,0
0,153,0,0,5979,1987,0,0
0,153,0,0,5980,1987,0,0
0,153,0,0,5981,1987,0,0
0,153,0,0,5982,1987,0,0
0,154,0,0,5983,1987,0,0
0,154,0,0,5984,1987,0,0
0,154,0,0,5985,1987,0,0
0,154,0,0,5986,1987,0,0
0,154,0,0,5987,1986,0,0
0,155,0,0,5988,1986,0,0
0,155,0,0,5989,1986,0,0
0,155,0,0,5990,1986,0,0
0,155,0,0,5991,1986,0,0
0,156,0,0,5992,1986,0,0
0,156,0,0,5993,1986,0,0
0,156,0,0,5994,1986,0,0
0,156,0,0,5995,1986,0,0
0,157,0,0,5996,1986,0,0
0,157,0,0,5997,1986,0,0
0,157,0,0,5998,1986,0,0
0,157,0,0,5999,1986,0,0
0,157,0,0,6000,1986,0,0
0,158,0,0,6001,1986,0,0
0,158,0,0,6002,1986,0,0
0,158,0,0,6003,1986,0,0
0,158,0,0,6004,1986,0,0
0,159,0,0,6005,1986,0,0
0,159,0,0,6006,1986,0,0
0,159,0,0,6007,1986,0,0
0,159,0,0,6008,1986,0,0
0,159,0,0,6009,1986,0,0
0,160,0,0,6010,1986,0,0
0,160,0,0,6011,1986,0,0
0,160,0,0,6012,1986,0,0
0,160,0,0,6013,1986,0,0
0,161,0,0,6014,1985,0,0
0,161,0,0,6015,1985,0,0
0,161,0,0,6016,1985,0,0
0,161,0,0,6017,1985,0,0
0,161,0,0,6018,1985,0,0
0,162,0,0,6019,1985,0,0
0,162,0,0,6020,1985,0,0
0,162,0,0,6021,1985,0,0
0,162,0,0,6022,1985,0,0
0,163,0,0,6023,1985,0,0
0,163,0,0,6024,1985,0,0
0,163,0,0,6025,1985,0,0
0,163,0,0,6026,1985,0,0
0,164,0,0,6027,1985,0,0
0,164,0,0,6028,1985,0,0
0,164,0,0,6029,1985,0,0
0,164,0,0,6030,1985,0,0
0,164,0,0,6031,1985,0,0
0,165,0,0,6032,1985,0,0
0,165,0,0,6033,1985,0,0
0,165,0,0,6034,1985,0,0
0,165,0,0,6035,1985,0,0
0,166,0,0,6036,1985,0,0
0,166,0,0,6037,1985,0,0
0,166,0,0,6038,1985,0,0
0,166,0,0,6039,1985,0,0
0,166,0,0,6040,1985,0,0
0,167,0,0,6041,1985,0,0
0,167,0,0,6042,1985,0,0
0,167,0,0,6043,1985,0,0
0,167,0,0,6044,1985,0,0
0,168,0,0,6045,1985,0,0
0,168,0,0,6046,1985,0,0
0,168,0,0,6047,1984,0,0
0,168,0,0,6048,1984,0,0
0,168,0,0,6049,1984,0,0
0,169,0,0,6050,1984,0,0
0,169,0,0,6051,1984,0,0
0,169,0,0,6052,1984,0,0
0,169,0,0,6053,1984,0,0
0,170,0,0,6054,1984,0,0
0,170,0,0,6055,1984,0,0
0,170,0,0,6056,1984,0,0
0,170,0,0,6057,1984,0,0
0,170,0,0,6058,1984,0,0
0,171,0,0,6059,1984,0,0
0,171,0,0,6060,1984,0,0
0,171,0,0,6061,1984,0,0
0,171,0,0,6062,1984,0,0
0,172,0,0,6063,1984,0,0
0,172,0,0,6064,1984,0,0
0,172,0,0,6065,1984,0,0
0,172,0,0,6066,1984,0,0
0,172,0,0,6067,1984,0,0
0,173,0,0,6068,1984,0,0
0,173,0,0,6069,1984,0,0
0,173,0,0,6070,1984,0,0
0,173,0,0,6071,1984,0,0
0,173,0,0,6072,1984,0,0
0,174,0,0,6073,1984,0,0
0,174,0,0,6074,1984,0,0
0,174,0,0,6075,1984,0,0
0,174,0,0,6076,1984,0,0
0,175,0,0,6077,1984,0,0
0,175,0,0,6078,1984,0,0
0,175,0,0,6079,1984,0,0
0,175,0,0,6080,1984,0,0
0,175,0,0,6081,1984,0,0
0,176,0,0,6082,1984,0,0
0,176,0,0,6083,1984,0,0
0,176,0,0,6084,1984,0,0
0,176,0,0,6085,1984,0,0
0,177,0,0,6086,1984,0,0
0,177,0,0,6087,1984,0,0
0,177,0,0,6088,1984,0,0
0,177,0,0,6089,1984,0,0
0,177,0,0,6090,1983,0,0
0,178,0,0,6091,1983,0,0
0,178,0,0,6092,1983,0,0
0,178,0,0,6093,1983,0,0
0,178,0,0,6094,1983,0,0
0,178,0,0,6095,1983,0,0
0,179,0,0,6096,1983,0,0
0,179,0,0,6097,1983,0,0
0,179,0,0,6098,1983,0,0
0,179,0,0,6099,1983,0,0
0,180,0,0,6100,1983,0,0
0,180,0,0,6101,1983,0,0
0,180,0,0,6102,1983,0,0
0,180,0,0,6103,1983,0,0
0,180,0,0,6104,1983,0,0
0,181,0,0,6105,1983,0,0
0,181,0,0,6106,1983,0,0
0,181,0,0,6107,1983,0,0
0,181,0,0,6108,1983,0,0
0,182,0,0,6109,1983,0,0
0,182,0,0,6110,1983,0,0
0,182,0,0,6111,1983,0,0
0,182,0,0,6112,1983,0,0
0,182,0,0,6113,1983,0,0
0,183,0,0,6114,1983,0,0
0,183,0,0,6115,1983,0,0
0,183,0,0,6116,1983,0,0
0,183,0,0,6117,1983,0,0
0,183,0,0,6118,1983,0,0
0,184,0,0,6119,1983,0,0
0,184,0,0,6120,1983,0,0
0,184,0,0,6121,1983,0,0
0,184,0,0,6122,1983,0,0
0,185,0,0,6123,1983,0,0
0,185,0,0,6124,1983,0,0
0,185,0,0,6125,1983,0,0
0,185,0,0,6126,1983,0,0
0,185,0,0,6127,1983,0,0
0,186,0,0,6128,1983,0,0
0,186,0,0,6129,1983,0,0
0,186,0,0,6130,1983,0,0
0,186,0,0,6131,1983,0,0
0,186,0,0,6132,1983,0,0
0,187,0,0,6133,1983,0,0
0,187,0,0,6134,1983,0,0
0,187,0,0,6135,1983,0,0
0,187,0,0,6136,1983,0,0
0,188,0,0,6137,1983,0,0
0,188,0,0,6138,1983,0,0
0,188,0,0,6139,1983,0,0
0,188,0,0,6140,1983,0,0
0,188,0,0,6141,1983,0,0
0,189,0,0,6142,1983,0,0
0,189,0,0,6143,1983,0,0
0,189,0,0,6144,1983,0,0
0,189,0,0,6145,1983,0,0
0,189,0,0,6146,1983,0,0
0,190,0,0,6147,1983,0,0
0,190,0,0,6148,1983,0,0
0,190,0,0,6149,1983,0,0
0,190,0,0,6150,1983,0,0
0,190,0,0,6151,1983,0,0
0,191,0,0,6152,1983,0,0
0,191,0,0,6153,1983,0,0
0,191,0,0,6154,1983,0,0
0,191,0,0,6155,1983,0,0
0,192,0,0,6156,1983,0,0
0,192,0,0,6157,1983,0,0
0,192,0,0,6158,1983,0,0
0,192,0,0,6159,1983,0,0
0,192,0,0,6160,1983,0,0
0,193,0,0,6161,1983,0,0
0,193,0,0,6162,1983,0,0
0,193,0,0,6163,1983,0,0
0,193,0,0,6164,1983,0,0
0,193,0,0,6165,1983,0,0
0,194,0,0,6166,1983,0,0
0,194,0,0,6167,1983,0,0
0,194,0,0,6168,1983,0,0
0,194,0,0,6169,1983,0,0
0,194,0,0,6170,1983,0,0
0,195,0,0,6171,1983,0,0
0,195,0,0,6172,1983,0,0
0,195,0,0,6173,1983,0,0
0,195,0,0,6174,1983,0,0
0,195,0,0,6175,1983,0,0
0,196,0,0,6176,1983,0,0
0,196,0,0,6177,1983,0,0
0,196,0,0,6178,1983,0,0
0,196,0,0,6179,1983,0,0
0,197,0,0,6180,1983,0,0
0,197,0,0,6181,1983,0,0
0,197,0,0,6182,1983,0,0
0,197,0,0,6183,1983,0,0
0,197,0,0,6184,1983,0,0
0,198,0,0,6185,1983,0,0
0,198,0,0,6186,1983,0,0
0,198,0,0,6187,1983,0,0
0,198,0,0,6188,1983,0,0
0,198,0,0,6189,1983,0,0
0,199,0,0,6190,1983,0,0
0,199,0,0,6191,1983,0,0
0,199,0,0,6192,1983,0,0
0,199,0,0,6193,1983,0,0
0,199,0,0,6194,1983,0,0
0,200,0,0,6195,1983,0,0
0,200,0,0,6196,1983,0,0
0,200,0,0,6197,1983,0,0
0,200,0,0,6198,1983,0,0
0,200,0,0,6199,1983,0,0
0,201,0,0,6200,1983,0,0
0,201,0,0,6201,1983,0,0
0,201,0,0,6202,1983,0,0
0,201,0,0,6203,1983,0,0
0,201,0,0,6204,1983,0,0
0,202,0,0,6205,1983,0,0
0,202,0,0,6206,1983,0,0
0,202,0,0,6207,1983,0,0
0,202,0,0,6208,1983,0,0
0,203,0,0,6209,1983,0,0
0,203,0,0,6210,1983,0,0
0,203,0,0,6211,1983,0,0
0,203,0,0,6212,1983,0,0
0,203,0,0,6213,1983,0,0
0,204,0,0,6214,1983,0,0
0,204,0,0,6215,1983,0,0
0,204,0,0,6216,1983,0,0
0,204,0,0,6217,1983,0,0
0,204,0,0,6218,1983,0,0
0,205,0,0,6219,1983,0,0
0,205,0,0,6220,1983,0,0
0,205,0,0,6221,1983,0,0
0,205,0,0,6222,1983,0,0
0,205,0,0,6223,1983,0,0
0,206,0,0,6224,1983,0,0
0,206,0,0,6225,1983,0,0
0,206,0,0,6226,1983,0,0
0,206,0,0,6227,1983,0,0
0,206,0,0,6228,1983,0,0
0,207,0,0,6229,1983,0,0
0,207,0,0,6230,1983,0,0
0,207,0,0,6231,1983,0,0
0,207,0,0,6232,1983,0,0
0,207,0,0,6233,1983,0,0
0,208,0,0,6234,1983,0,0
0,208,0,0,6235,1983,0,0
0,208,0,0,6236,1983,0,0
0,208,0,0,6237,1983,0,0
0,208,0,0,6238,1983,0,0
0,209,0,0,6239,1983,0,0
0,209,0,0,6240,1983,0,0
0,209,0,0,6241,1983,0,0
0,209,0,0,6242,1983,0,0
0,209,0,0,6243,1983,0,0
0,210,0,0,6244,1983,0,0
0,210,0,0,6245,1983,0,0
0,210,0,0,6246,1983,0,0
0,210,0,0,6247,1983,0,0
0,210,0,0,6248,1983,0,0
0,211,0,0,6249,1983,0,0
0,211,0,0,6250,1983,0,0
0,211,0,0,6251,1983,0,0
0,211,0,0,6252,1983,0,0
0,211,0,0,6253,1983,0,0
0,212,0,0,6254,1983,0,0
0,212,0,0,6255,1983,0,0
0,212,0,0,6256,1983,0,0
0,212,0,0,6257,1983,0,0
0,212,0,0,6258,1983,0,0
0,213,0,0,6259,1983,0,0
0,213,0,0,6260,1983,0,0
0,213,0,0,6261,1983,0,0
0,213,0,0,6262,1983,0,0
0,213,0,0,6263,1983,0,0
0,214,0,0,6264,1983,0,0
0,214,0,0,6265,1983,0,0
0,214,0,0,6266,1983,0,0
0,214,0,0,6267,1983,0,0
0,214,0,0,6268,1983,0,0
0,215,0,0,6269,1983,0,0
0,215,0,0,6270,1983,0,0
0,215,0,0,6271,1983,0,0
0,215,0,0,6272,1983,0,0
0,215,0,0,6273,1983,0,0
0,216,0,0,6274,1983,0,0
0,216,0,0,6275,1983,0,0
0,216,0,0,6276,1983,0,0
0,216,0,0,6277,1983,0,0
0,216,0,0,6278,1983,0,0
0,217,0,0,6279,1983,0,0
0,217,0,0,6280,1983,0,0
0,217,0,0,6281,1983,0,0
0,217,0,0,6282,1983,0,0
0,217,0,0,6283,1983,0,0
0,218,0,0,6284,1983,0,0
0,218,0,0,6285,1983,0,0
0,218,0,0,6286,1983,0,0
0,218,0,0,6287,1984,0,0
0,218,0,0,6288,1984,0,0
0,218,0,0,6289,1984,0,0
0,219,0,0,6290,1984,0,0
0,219,0,0,6291,1984,0,0
0,219,0,0,6292,1984,0,0
0,219,0,0,6293,1984,0,0
0,219,0,0,6294,1984,0,0
0,220,0,0,6295,1984,0,0
0,220,0,0,6296,1984,0,0
0,220,0,0,6297,1984,0,0
0,220,0,0,6298,1984,0,0
0,220,0,0,6299,1984,0,0
0,221,0,0,6300,1984,0,0
0,221,0,0,6301,1984,0,0
0,221,0,0,6302,1984,0,0
0,221,0,0,6303,1984,0,0
0,221,0,0,6304,1984,0,0
0,222,0,0,6305,1984,0,0
0,222,0,0,6306,1984,0,0
0,222,0,0,6307,1984,0,0
0,222,0,0,6308,1984,0,0
0,222,0,0,6309,1984,0,0
0,223,0,0,6310,1984,0,0
0,223,0,0,6311,1984,0,0
0,223,0,0,6312,1984,0,0
0,223,0,0,6313,1984,0,0
0,223,0,0,6314,1984,0,0
0,224,0,0,6315,1984,0,0
0,224,0,0,6316,1984,0,0
0,224,0,0,6317,1984,0,0
0,224,0,0,6318,1984,0,0
0,224,0,0,6319,1984,0,0
0,224,0,0,6320,1984,0,0
0,225,0,0,6321,1984,0,0
0,225,0,0,6322,1984,0,0
0,225,0,0,6323,1984,0,0
0,225,0,0,6324,1984,0,0
0,225,0,0,6325,1984,0,0
0,226,0,0,6326,1984,0,0
0,226,0,0,6327,1984,0,0
0,226,0,0,6328,1984,0,0
0,226,0,0,6329,1984,0,0
0,226,0,0,6330,1984,0,0
0,227,0,0,6331,1984,0,0
0,227,0,0,6332,1985,0,0
0,227,0,0,6333,1985,0,0
0,227,0,0,6334,1985,0,0
0,227,0,0,6335,1985,0,0
0,228,0,0,6336,1985,0,0
0,228,0,0,6337,1985,0,0
0,228,0,0,6338,1985,0,0
0,228,0,0,6339,1985,0,0
0,228,0,0,6340,1985,0,0
0,228,0,0,6341,1985,0,0
0,229,0,0,6342,1985,0,0
0,229,0,0,6343,1985,0,0
0,229,0,0,6344,1985,0,0
0,229,0,0,6345,1985,0,0
0,229,0,0,6346,1985,0,0
0,230,0,0,6347,1985,0,0
0,230,0,0,6348,1985,0,0
0,230,0,0,6349,1985,0,0
0,230,0,0,6350,1985,0,0
0,230,0,0,6351,1985,0,0
0,231,0,0,6352,1985,0,0
0,231,0,0,6353,1985,0,0
0,231,0,0,6354,1985,0,0
0,231,0,0,6355,1985,0,0
0,231,0,0,6356,1985,0,0
0,231,0,0,6357,1985,0,0
0,232,0,0,6358,1985,0,0
0,232,0,0,6359,1985,0,0
0,232,0,0,6360,1985,0,0
0,232,0,0,6361,1985,0,0
0,232,0,0,6362,1985,0,0
0,233,0,0,6363,1985,0,0
0,233,0,0,6364,1985,0,0
0,233,0,0,6365,1985,0,0
0,233,0,0,6366,1986,0,0
0,233,0,0,6367,1986,0,0
0,234,0,0,6368,1986,0,0
0,234,0,0,6369,1986,0,0
0,234,0,0,6370,1986,0,0
0,234,0,0,6371,1986,0,0
0,234,0,0,6372,1986,0,0
0,234,0,0,6373,1986,0,0
0,235,0,0,6374,1986,0,0
0,235,0,0,6375,1986,0,0
0,235,0,0,6376,1986,0,0
0,235,0,0,6377,1986,0,0
0,235,0,0,6378,1986,0,0
0,236,0,0,6379,1986,0,0
0,236,0,0,6380,1986,0,0
0,236,0,0,6381,1986,0,0
0,236,0,0,6382,1986,0,0
0,236,0,0,6383,1986,0,0
0,236,0,0,6384,1986,0,0
0,237,0,0,6385,1986,0,0
0,237,0,0,6386,1986,0,0
0,237,0,0,6387,1986,0,0
0,237,0,0,6388,1986,0,0
0,237,0,0,6389,1986,0,0
0,238,0,0,6390,1986,0,0
0,238,0,0,6391,1986,0,0
0,238,0,0,6392,1986,0,0
0,238,0,0,6393,1986,0,0
0,238,0,0,6394,1986,0,0
0,238,0,0,6395,1986,0,0
0,239,0,0,6396,1987,0,0
0,239,0,0,6397,1987,0,0
0,239,0,0,6398,1987,0,0
0,239,0,0,6399,1987,0,0
0,239,0,0,6400,1987,0,0
0,240,0,0,6401,1987,0,0
0,240,0,0,6402,1987,0,0
0,240,0,0,6403,1987,0,0
0,240,0,0,6404,1987,0,0
0,240,0,0,6405,1987,0,0
0,240,0,0,6406,1987,0,0
0,241,0,0,6407,1987,0,0
0,241,0,0,6408,1987,0,0
0,241,0,0,6409,1987,0,0
0,241,0,0,6410,1987,0,0
0,241,0,0,6411,1987,0,0
0,242,0,0,6412,1987,0,0
0,242,0,0,6413,1987,0,0
0,242,0,0,6414,1987,0,0
0,242,0,0,6415,1987,0,0
0,242,0,0,6416,1987,0,0
0,242,0,0,6417,1987,0,0
0,243,0,0,6418,1987,0,0
0,243,0,0,6419,1987,0,0
0,243,0,0,6420,1987,0,0
0,243,0,0,6421,1987,0,0
0,243,0,0,6422,1988,0,0
0,244,0,0,6423,1988,0,0
0,244,0,0,6424,1988,0,0
0,244,0,0,6425,1988,0,0
0,244,0,0,6426,1988,0,0
0,244,0,0,6427,1988,0,0
0,244,0,0,6428,1988,0,0
0,245,0,0,6429,1988,0,0
0,245,0,0,6430,1988,0,0
0,245,0,0,6431,1988,0,0
0,245,0,0,6432,1988,0,0
0,245,0,0,6433,1988,0,0
0,245,0,0,6434,1988,0,0
0,246,0,0,6435,1988,0,0
0,246,0,0,6436,1988,0,0
0,246,0,0,6437,1988,0,0
0,246,0,0,6438,1988,0,0
0,246,0,0,6439,1988,0,0
0,247,0,0,6440,1988,0,0
0,247,0,0,6441,1988,0,0
0,247,0,0,6442,1988,0,0
0,247,0,0,6443,1988,0,0
0,247,0,0,6444,1988,0,0
0,247,0,0,6445,1989,0,0
0,248,0,0,6446,1989,0,0
0,248,0,0,6447,1989,0,0
0,248,0,0,6448,1989,0,0
0,248,0,0,6449,1989,0,0
0,248,0,0,6450,1989,0,0
0,248,0,0,6451,1989,0,0
0,249,0,0,6452,1989,0,0
0,249,0,0,6453,1989,0,0
0,249,0,0,6454,1989,0,0
0,249,0,0,6455,1989,0,0
0,249,0,0,6456,1989,0,0
0,250,0,0,6457,1989,0,0
0,250,0,0,6458,1989,0,0
0,250,0,0,6459,1989,0,0
0,250,0,0,6460,1989,0,0
0,250,0,0,6461,1989,0,0
0,250,0,0,6462,1989,0,0
0,251,0,0,6463,1989,0,0
0,251,0,0,6464,1989,0,0
0,251,0,0,6465,1989,0,0
0,251,0,0,6466,1989,0,0
0,251,0,0,6467,1990,0,0
0,251,0,0,6468,1990,0,0
0,252,0,0,6469,1990,0,0
0,252,0,0,6470,1990,0,0
0,252,0,0,6471,1990,0,0
0,252,0,0,6472,1990,0,0
0,252,0,0,6473,1990,0,0
0,252,0,0,6474,1990,0,0
0,253,0,0,6475,1990,0,0
0,253,0,0,6476,1990,0,0
0,253,0,0,6477,1990,0,0
0,253,0,0,6478,1990,0,0
0,253,0,0,6479,1990,0,0
0,253,0,0,6480,1990,0,0
0,254,0,0,6481,1990,0,0
0,254,0,0,6482,1990,0,0
0,254,0,0,6483,1990,0,0
0,254,0,0,6484,1990,0,0
0,254,0,0,6485,1990,0,0
0,254,0,0,6486,1990,0,0
0,255,0,0,6487,1991,0,0
0,255,0,0,6488,1991,0,0
0,255,0,0,6489,1991,0,0
0,255,0,0,6490,1991,0,0
0,255,0,0,6491,1991,0,0
0,256,0,0,6492,1991,0,0
0,256,0,0,6493,1991,0,0
0,256,0,0,6494,1991,0,0
0,256,0,0,6495,1991,0,0
0,256,0,0,6496,1991,0,0
0,256,0,0,6497,1991,0,0
0,257,0,0,6498,1991,0,0
0,257,0,0,6499,1991,0,0
0,257,0,0,6500,1991,0,0
0,257,0,0,6501,1991,0,0
0,257,0,0,6502,1991,0,0
0,257,0,0,6503,1991,0,0
0,258,0,0,6504,1991,0,0
0,258,0,0,6505,1991,0,0
0,258,0,0,6506,1992,0,0
0,258,0,0,6507,1992,0,0
0,258,0,0,6508,1992,0,0
0,258,0,0,6509,1992,0,0
0,259,0,0,6510,1992,0,0
0,259,0,0,6511,1992,0,0
0,259,0,0,6512,1992,0,0
0,259,0,0,6513,1992,0,0
0,259,0,0,6514,1992,0,0
0,259,0,0,6515,1992,0,0
0,260,0,0,6516,1992,0,0
0,260,0,0,6517,1992,0,0
0,260,0,0,6518,1992,0,0
0,260,0,0,6519,1992,0,0
0,260,0,0,6520,1992,0,0
0,260,0,0,6521,1992,0,0
0,261,0,0,6522,1992,0,0
0,261,0,0,6523,1992,0,0
0,261,0,0,6524,1993,0,0
0,261,0,0,6525,1993,0,0
0,261,0,0,6526,1993,0,0
0,261,0,0,6527,1993,0,0
0,262,0,0,6528,1993,0,0
0,262,0,0,6529,1993,0,0
0,262,0,0,6530,1993,0,0
0,262,0,0,6531,1993,0,0
0,262,0,0,6532,1993,0,0
0,262,0,0,6533,1993,0,0
0,263,0,0,6534,1993,0,0
0,263,0,0,6535,1993,0,0
0,263,0,0,6536,1993,0,0
0,263,0,0,6537,1993,0,0
0,263,0,0,6538,1993,0,0
0,263,0,0,6539,1993,0,0
0,263,0,0,6540,1993,0,0
0,264,0,0,6541,1993,0,0
0,264,0,0,6542,1994,0,0
0,264,0,0,6543,1994,0,0
0,264,0,0,6544,1994,0,0
0,264,0,0,6545,1994,0,0
0,264,0,0,6546,1994,0,0
0,265,0,0,6547,1994,0,0
0,265,0,0,6548,1994,0,0
0,265,0,0,6549,1994,0,0
0,265,0,0,6550,1994,0,0
0,265,0,0,6551,1994,0,0
0,265,0,0,6552,1994,0,0
0,266,0,0,6553,1994,0,0
0,266,0,0,6554,1994,0,0
0,266,0,0,6555,1994,0,0
0,266,0,0,6556,1994,0,0
0,266,0,0,6557,1994,0,0
0,266,0,0,6558,1995,0,0
0,267,0,0,6559,1995,0,0
0,267,0,0,6560,1995,0,0
0,267,0,0,6561,1995,0,0
0,267,0,0,6562,1995,0,0
0,267,0,0,6563,1995,0,0
0,267,0,0,6564,1995,0,0
0,268,0,0,6565,1995,0,0
0,268,0,0,6566,1995,0,0
0,268,0,0,6567,1995,0,0
0,268,0,0,6568,1995,0,0
0,268,0,0,6569,1995,0,0
0,268,0,0,6570,1995,0,0
0,268,0,0,6571,1995,0,0
0,269,0,0,6572,1995,0,0
0,269,0,0,6573,1995,0,0
0,269,0,0,6574,1996,0,0
0,269,0,0,6575,1996,0,0
0,269,0,0,6576,1996,0,0
0,269,0,0,6577,1996,0,0
0,270,0,0,6578,1996,0,0
0,270,0,0,6579,1996,0,0
0,270,0,0,6580,1996,0,0
0,270,0,0,6581,1996,0,0
0,270,0,0,6582,1996,0,0
0,270,0,0,6583,1996,0,0
0,271,0,0,6584,1996,0,0
0,271,0,0,6585,1996,0,0
0,271,0,0,6586,1996,0,0
0,271,0,0,6587,1996,0,0
0,271,0,0,6588,1996,0,0
0,271,0,0,6589,1996,0,0
0,271,0,0,6590,1997,0,0
0,272,0,0,6591,1997,0,0
0,272,0,0,6592,1997,0,0
0,272,0,0,6593,1997,0,0
0,272,0,0,6594,1997,0,0
0,272,0,0,6595,1997,0,0
0,272,0,0,6596,1997,0,0
0,273,0,0,6597,1997,0,0
0,273,0,0,6598,1997,0,0
0,273,0,0,6599,1997,0,0
0,273,0,0,6600,1997,0,0
0,273,0,0,6601,1997,0,0
0,273,0,0,6602,1997,0,0
0,274,0,0,6603,1997,0,0
0,274,0,0,6604,1997,0,0
0,274,0,0,6605,1998,0,0
0,274,0,0,6606,1998,0,0
0,274,0,0,6607,1998,0,0
0,274,0,0,6608,1998,0,0
0,274,0,0,6609,1998,0,0
0,275,0,0,6610,1998,0,0
0,275,0,0,6611,1998,0,0
0,275,0,0,6612,1998,0,0
0,275,0,0,6613,1998,0,0
0,275,0,0,6614,1998,0,0
0,275,0,0,6615,1998,0,0
0,276,0,0,6616,1998,0,0
0,276,0,0,6617,1998,0,0
0,276,0,0,6618,1998,0,0
0,276,0,0,6619,1998,0,0
0,276,0,0,6620,1999,0,0
0,276,0,0,6621,1999,0,0
0,276,0,0,6622,1999,0,0
0,277,0,0,6623,1999,0,0
0,277,0,0,6624,1999,0,0
0,277,0,0,6625,1999,0,0
0,277,0,0,6626,1999,0,0
0,277,0,0,6627,1999,0,0
0,277,0,0,6628,1999,0,0
0,277,0,0,6629,1999,0,0
0,278,0,0,6630,1999,0,0
0,278,0,0,6631,1999,0,0
0,278,0,0,6632,1999,0,0
0,278,0,0,6633,1999,0,0
0,278,0,0,6634,2000,0,0
0,278,0,0,6635,2000,0,0
0,279,0,0,6636,2000,0,0
0,279,0,0,6637,2000,0,0
0,279,0,0,6638,2000,0,0
0,279,0,0,6639,2000,0,0
0,279,0,0,6640,2000,0,0
0,279,0,0,6641,2000,0,0
0,279,0,0,6642,2000,0,0
0,280,0,0,6643,2000,0,0
0,280,0,0,6644,2000,0,0
0,280,0,0,6645,2000,0,0
0,280,0,0,6646,2000,0,0
0,280,0,0,6647,2000,0,0
0,280,0,0,6648,2001,0,0
0,280,0,0,6649,2001,0,0
0,281,0,0,6650,2001,0,0
0,281,0,0,6651,2001,0,0
0,281,0,0,6652,2001,0,0
0,281,0,0,6653,2001,0,0
0,281,0,0,6654,2001,0,0
0,281,0,0,6655,2001,0,0
0,282,0,0,6656,2001,0,0
0,282,0,0,6657,2001,0,0
0,282,0,0,6658,2001,0,0
0,282,0,0,6659,2001,0,0
0,282,0,0,6660,2001,0,0
0,282,0,0,6661,2002,0,0
0,282,0,0,6662,2002,0,0
0,283,0,0,6663,2002,0,0
0,283,0,0,6664,2002,0,0
0,283,0,0,6665,2002,0,0
0,283,0,0,6666,2002,0,0
0,283,0,0,6667,2002,0,0
0,283,0,0,6668,2002,0,0
0,283,0,0,6669,2002,0,0
0,284,0,0,6670,2002,0,0
0,284,0,0,6671,2002,0,0
0,284,0,0,6672,2002,0,0
0,284,0,0,6673,2002,0,0
0,284,0,0,6674,2003,0,0
0,284,0,0,6675,2003,0,0
0,284,0,0,6676,2003,0,0
0,285,0,0,6677,2003,0,0
0,285,0,0,6678,2003,0,0
0,285,0,0,6679,2003,0,0
0,285,0,0,6680,2003,0,0
0,285,0,0,6681,2003,0,0
0,285,0,0,6682,2003,0,0
0,285,0,0,6683,2003,0,0
0,286,0,0,6684,2003,0,0
0,286,0,0,6685,2003,0,0
0,286,0,0,6686,2003,0,0
0,286,0,0,6687,2004,0,0
0,286,0,0,6688,2004,0,0
0,286,0,0,6689,2004,0,0
0,286,0,0,6690,2004,0,0
0,287,0,0,6691,2004,0,0
0,287,0,0,6692,2004,0,0
0,287,0,0,6693,2004,0,0
0,287,0,0,6694,2004,0,0
0,287,0,0,6695,2004,0,0
0,287,0,0,6696,2004,0,0
0,287,0,0,6697,2004,0,0
0,288,0,0,6698,2004,0,0
0,288,0,0,6699,2004,0,0
0,288,0,0,6700,2005,0,0
0,288,0,0,6701,2005,0,0
0,288,0,0,6702,2005,0,0
0,288,0,0,6703,2005,0,0
0,288,0,0,6704,2005,0,0
0,289,0,0,6705,2005,0,0
0,289,0,0,6706,2005,0,0
0,289,0,0,6707,2005,0,0
0,289,0,0,6708,2005,0,0
0,289,0,0,6709,2005,0,0
0,289,0,0,6710,2005,0,0
0,289,0,0,6711,2005,0,0
0,290,0,0,6712,2006,0,0
0,290,0,0,6713,2006,0,0
0,290,0,0,6714,2006,0,0
0,290,0,0,6715,2006,0,0
0,290,0,0,6716,2006,0,0
0,290,0,0,6717,2006,0,0
0,290,0,0,6718,2006,0,0
0,291,0,0,6719,2006,0,0
0,291,0,0,6720,2006,0,0
0,291,0,0,6721,2006,0,0
0,291,0,0,6722,2006,0,0
0,291,0,0,6723,2006,0,0
0,291,0,0,6724,2006,0,0
0,291,0,0,6725,2007,0,0
0,291,0,0,6726,2007,0,0
0,292,0,0,6727,2007,0,0
0,292,0,0,6728,2007,0,0
0,292,0,0,6729,2007,0,0
0,292,0,0,6730,2007,0,0
0,292,0,0,6731,2007,0,0
0,292,0,0,6732,2007,0,0
0,292,0,0,6733,2007,0,0
0,293,0,0,6734,2007,0,0
0,293,0,0,6735,2007,0,0
0,293,0,0,6736,2007,0,0
0,293,0,0,6737,2008,0,0
0,293,0,0,6738,2008,0,0
0,293,0,0,6739,2008,0,0
0,293,0,0,6740,2008,0,0
0,294,0,0,6741,2008,0,0
0,294,0,0,6742,2008,0,0
0,294,0,0,6743,2008,0,0
0,294,0,0,6744,2008,0,0
0,294,0,0,6745,2008,0,0
0,294,0,0,6746,2008,0,0
0,294,0,0,6747,2008,0,0
0,294,0,0,6748,2009,0,0
0,295,0,0,6749,2009,0,0
0,295,0,0,6750,2009,0,0
0,295,0,0,6751,2009,0,0
0,295,0,0,6752,2009,0,0
0,295,0,0,6753,2009,0,0
0,295,0,0,6754,2009,0,0
0,295,0,0,6755,2009,0,0
0,296,0,0,6756,2009,0,0
0,296,0,0,6757,2009,0,0
0,296,0,0,6758,2009,0,0
0,296,0,0,6759,2009,0,0
0,296,0,1,6760,2010,0,0
0,296,0,1,6761,2010,0,0
0,296,1,1,6762,2010,0,0
0,295,1,1,6763,2010,0,0
0,293,1,1,6764,2010,0,0
0,291,1,1,6765,2010,0,0
0,290,1,1,6766,2010,0,0
0,288,1,1,6767,2010,0,0
0,287,1,1,6768,2010,0,0
0,285,1,1,6769,2010,0,0
0,283,1,1,6770,2010,0,0
0,282,1,1,6771,2010,0,0
0,280,1,1,6772,2011,0,0
0,278,1,1,6773,2011,0,0
0,277,1,1,6774,2011,0,0
0,275,1,1,6775,2011,0,0
0,274,1,1,6776,2011,0,0
0,272,1,1,6777,2011,0,0
0,270,1,1,6778,2011,0,0
0,269,1,1,6779,2011,0,0
0,267,1,1,6780,2011,0,0
0,265,1,1,6781,2011,0,0
0,264,1,1,6782,2011,0,0
0,262,1,1,6783,2011,0,0
0,261,1,1,6784,2011,0,0
0,259,1,1,6785,2011,0,0
0,257,1,1,6786,2011,0,0
0,256,1,1,6787,2011,0,0
0,254,1,1,6788,2012,0,0
0,252,1,1,6789,2012,0,0
0,251,1,1,6790,2012,0,0
0,249,1,1,6791,2012,0,0
0,248,1,1,6792,2012,0,0
0,246,1,1,6793,2012,0,0
0,244,1,1,6794,2012,0,0
0,243,1,1,6795,2012,0,0
0,241,1,1,6796,2012,0,0
0,240,1,1,6797,2012,0,0
0,238,1,1,6798,2012,0,0
0,236,1,1,6799,2012,0,0
0,235,1,1,6800,2012,0,0
0,233,1,1,6801,2012,0,0
0,231,1,1,6802,2012,0,0
0,230,1,1,6803,2012,0,0
0,228,1,1,6804,2012,0,0
0,227,1,1,6805,2012,0,0
0,225,1,1,6806,2012,0,0
0,223,1,1,6807,2012,0,0
0,222,1,1,6808,2012,0,0
0,220,1,1,6809,2012,0,0
0,219,1,1,6810,2012,0,0
0,217,1,1,6811,2012,0,0
0,215,1,1,6812,2012,0,0
0,214,1,1,6813,2012,0,0
0,212,1,1,6814,2012,0,0
0,211,1,1,6815,2012,0,0
0,209,1,1,6816,2012,0,0
0,207,1,1,6817,2012,0,0
0,206,1,1,6818,2012,0,0
0,204,1,1,6819,2012,0,0
0,203,1,1,6820,2012,0,0
0,201,1,1,6821,2012,0,0
0,199,1,1,6822,2012,0,0
0,198,1,1,6823,2012,0,0
0,196,1,1,6824,2012,0,0
0,195,1,1,6825,2012,0,0
0,193,1,1,6826,2012,0,0
0,191,1,1,6827,2012,0,0
0,190,1,1,6828,2012,0,0
0,188,1,1,6829,2012,0,0
0,187,1,1,6830,2012,0,0
0,185,1,1,6831,2012,0,0
0,183,1,1,6832,2012,0,0
0,182,1,1,6833,2012,0,0
0,180,1,1,6834,2012,0,0
0,179,1,1,6835,2012,0,0
0,177,1,1,6836,2012,0,0
0,176,1,1,6837,2012,0,0
0,174,1,1,6838,2012,0,0
0,172,1,1,6839,2012,0,0
0,171,1,1,6840,2012,0,0
0,169,1,1,6841,2012,0,0
0,168,1,1,6842,2012,0,0
0,166,1,1,6843,2012,0,0
0,164,1,1,6844,2012,0,0
0,163,1,1,6845,2012,0,0
0,161,1,1,6846,2012,0,0
0,160,1,1,6847,2012,0,0
0,158,1,1,6848,2012,0,0
0,156,1,1,6849,2012,0,0
0,155,1,1,6850,2012,0,0
0,153,1,1,6851,2012,0,0
0,152,1,1,6852,2012,0,0
0,150,1,1,6853,2012,0,0
0,149,1,1,6854,2012,0,0
0,147,1,1,6855,2012,0,0
0,145,1,1,6856,2011,0,0
0,144,1,1,6857,2011,0,0
0,142,1,1,6858,2011,0,0
0,141,1,1,6859,2011,0,0
0,139,1,1,6860,2011,0,0
0,138,1,1,6861,2011,0,0
0,136,1,1,6862,2011,0,0
0,134,1,1,6863,2011,0,0
0,133,1,1,6864,2011,0,0
0,131,1,1,6865,2011,0,0
0,130,1,1,6866,2011,0,0
0,128,1,1,6867,2011,0,0
0,127,1,1,6868,2011,0,0
0,125,1,1,6869,2011,0,0
0,123,1,1,6870,2011,0,0
0,122,1,1,6871,2011,0,0
0,120,1,1,6872,2011,0,0
0,119,1,1,6873,2010,0,0
0,117,1,1,6874,2010,0,0
0,116,1,1,6875,2010,0,0
0,114,1,1,6876,2010,0,0
0,112,1,1,6877,2010,0,0
0,111,1,1,6878,2010,0,0
0,109,1,1,6879,2010,0,0
0,108,1,1,6880,2010,0,0
0,106,1,1,6881,2010,0,0
0,105,1,1,6882,2010,0,0
0,103,1,1,6883,2010,0,0
0,102,1,1,6884,2010,0,0
0,100,1,0,6885,2009,0,0
0,98,1,0,6886,2009,0,0
0,97,0,0,6887,2009,0,0
0,97,0,0,6888,2009,0,0
0,97,0,0,6889,2009,0,0
0,98,0,0,6890,2009,0,0
0,98,0,0,6891,2009,0,0
0,98,0,0,6892,2009,0,0
0,98,0,0,6893,2009,0,0
0,99,0,0,6894,2009,0,0
0,99,0,0,6895,2009,0,0
0,99,0,0,6896,2008,0,0
0,99,0,0,6897,2008,0,0
0,100,0,0,6898,2008,0,0
0,100,0,0,6899,2008,0,0
0,100,0,0,6900,2008,0,0
0,100,0,0,6901,2008,0,0
0,101,0,0,6902,2008,0,0
0,101,0,0,6903,2008,0,0
0,101,0,0,6904,2008,0,0
0,101,0,0,6905,2008,0,0
0,101,0,0,6906,2008,0,0
0,102,0,0,6907,2007,0,0
0,102,0,0,6908,2007,0,0
0,102,0,0,6909,2007,0,0
0,102,0,0,6910,2007,0,0
0,103,0,0,6911,2007,0,0
0,103,0,0,6912,2007,0,0
0,103,0,0,6913,2007,0,0
0,103,0,0,6914,2007,0,0
0,104,0,0,6915,2007,0,0
0,104,0,0,6916,2007,0,0
0,104,0,0,6917,2007,0,0
0,104,0,0,6918,2006,0,0
0,105,0,0,6919,2006,0,0
0,105,0,0,6920,2006,0,0
0,105,0,0,6921,2006,0,0
0,105,0,0,6922,2006,0,0
0,106,0,0,6923,2006,0,0
0,106,0,0,6924,2006,0,0
0,106,0,0,6925,2006,0,0
0,106,0,0,6926,2006,0,0
0,107,0,0,6927,2006,0,0
0,107,0,0,6928,2006,0,0
0,107,0,0,6929,2006,0,0
0,107,0,0,6930,2005,0,0
0,107,0,0,6931,2005,0,0
0,108,0,0,6932,2005,0,0
0,108,0,0,6933,2005,0,0
0,108,0,0,6934,2005,0,0
0,108,0,0,6935,2005,0,0
0,109,0,0,6936,2005,0,0
0,109,0,0,6937,2005,0,0
0,109,0,0,6938,2005,0,0
0,109,0,0,6939,2005,0,0
0,110,0,0,6940,2005,0,0
0,110,0,0,6941,2005,0,0
0,110,0,0,6942,2004,0,0
0,110,0,0,6943,2004,0,0
0,111,0,0,6944,2004,0,0
0,111,0,0,6945,2004,0,0
0,111,0,0,6946,2004,0,0
0,111,0,0,6947,2004,0,0
0,112,0,0,6948,2004,0,0
0,112,0,0,6949,2004,0,0
0,112,0,0,6950,2004,0,0
0,112,0,0,6951,2004,0,0
0,112,0,0,6952,2004,0,0
0,113,0,0,6953,2004,0,0
0,113,0,0,6954,2003,0,0
0,113,0,0,6955,2003,0,0
0,113,0,0,6956,2003,0,0
0,114,0,0,6957,2003,0,0
0,114,0,0,6958,2003,0,0
0,114,0,0,6959,2003,0,0
0,114,0,0,6960,2003,0,0
0,115,0,0,6961,2003,0,0
0,115,0,0,6962,2003,0,0
0,115,0,0,6963,2003,0,0
0,115,0,0,6964,2003,0,0
0,116,0,0,6965,2003,0,0
0,116,0,0,6966,2003,0,0
0,116,0,0,6967,2002,0,0
0,116,0,0,6968,2002,0,0
0,117,0,0,6969,2002,0,0
0,117,0,0,6970,2002,0,0
0,117,0,0,6971,2002,0,0
0,117,0,0,6972,2002,0,0
0,117,0,0,6973,2002,0,0
0,118,0,0,6974,2002,0,0
0,118,0,0,6975,2002,0,0
0,118,0,0,6976,2002,0,0
0,118,0,0,6977,2002,0,0
0,119,0,0,6978,2002,0,0
0,119,0,0,6979,2002,0,0
0,119,0,0,6980,2001,0,0
0,119,0,0,6981,2001,0,0
0,120,0,0,6982,2001,0,0
0,120,0,0,6983,2001,0,0
0,120,0,0,6984,2001,0,0
0,120,0,0,6985,2001,0,0
0,121,0,0,6986,2001,0,0
0,121,0,0,6987,2001,0,0
0,121,0,0,6988,2001,0,0
0,121,0,0,6989,2001,0,0
0,121,0,0,6990,2001,0,0
0,122,0,0,6991,2001,0,0
0,122,0,0,6992,2001,0,0
0,122,0,0,6993,2001,0,0
0,122,0,0,6994,2000,0,0
0,123,0,0,6995,2000,0,0
0,123,0,0,6996,2000,0,0
0,123,0,0,6997,2000,0,0
0,123,0,0,6998,2000,0,0
0,124,0,0,6999,2000,0,0
0,124,0,0,7000,2000,0,0
0,124,0,0,7001,2000,0,0
0,124,0,0,7002,2000,0,0
0,124,0,0,7003,2000,0,0
0,125,0,0,7004,2000,0,0
0,125,0,0,7005,2000,0,0
0,125,0,0,7006,2000,0,0
0,125,0,0,7007,2000,0,0
0,126,0,0,7008,2000,0,0
0,126,0,0,7009,1999,0,0
0,126,0,0,7010,1999,0,0
0,126,0,0,7011,1999,0,0
0,127,0,0,7012,1999,0,0
0,127,0,0,7013,1999,0,0
0,127,0,0,7014,1999,0,0
0,127,0,0,7015,1999,0,0
0,128,0,0,7016,1999,0,0
0,128,0,0,7017,1999,0,0
0,128,0,0,7018,1999,0,0
0,128,0,0,7019,1999,0,0
0,128,0,0,7020,1999,0,0
0,129,0,0,7021,1999,0,0
0,129,0,0,7022,1999,0,0
0,129,0,0,7023,1999,0,0
0,129,0,0,7024,1998,0,0
0,130,0,0,7025,1998,0,0
0,130,0,0,7026,1998,0,0
0,130,0,0,7027,1998,0,0
0,130,0,0,7028,1998,0,0
0,131,0,0,7029,1998,0,0
0,131,0,0,7030,1998,0,0
0,131,0,0,7031,1998,0,0
0,131,0,0,7032,1998,0,0
0,131,0,0,7033,1998,0,0
0,132,0,0,7034,1998,0,0
0,132,0,0,7035,1998,0,0
0,132,0,0,7036,1998,0,0
0,132,0,0,7037,1998,0,0
0,133,0,0,7038,1998,0,0
0,133,0,0,7039,1998,0,0
0,133,0,0,7040,1997,0,0
0,133,0,0,7041,1997,0,0
0,134,0,0,7042,1997,0,0
0,134,0,0,7043,1997,0,0
0,134,0,0,7044,1997,0,0
0,134,0,0,7045,1997,0,0
0,134,0,0,7046,1997,0,0
0,135,0,0,7047,1997,0,0
0,135,0,0,7048,1997,0,0
0,135,0,0,7049,1997,0,0
0,135,0,0,7050,1997,0,0
0,136,0,0,7051,1997,0,0
0,136,0,0,7052,1997,0,0
0,136,0,0,7053,1997,0,0
0,136,0,0,7054,1997,0,0
0,137,0,0,7055,1997,0,0
0,137,0,0,7056,1997,0,0
0,137,0,0,7057,1996,0,0
0,137,0,0,7058,1996,0,0
0,137,0,0,7059,1996,0,0
0,138,0,0,7060,1996,0,0
0,138,0,0,7061,1996,0,0
0,138,0,0,7062,1996,0,0
0,138,0,0,7063,1996,0,0
0,139,0,0,7064,1996,0,0
0,139,0,0,7065,1996,0,0
0,139,0,0,7066,1996,0,0
0,139,0,0,7067,1996,0,0
0,140,0,0,7068,1996,0,0
0,140,0,0,7069,1996,0,0
0,140,0,0,7070,1996,0,0
0,140,0,0,7071,1996,0,0
0,140,0,0,7072,1996,0,0
0,141,0,0,7073,1996,0,0
0,141,0,0,7074,1996,0,0
0,141,0,0,7075,1995,0,0
0,141,0,0,7076,1995,0,0
0,142,0,0,7077,1995,0,0
0,142,0,0,7078,1995,0,0
0,142,0,0,7079,1995,0,0
0,142,0,0,7080,1995,0,0
0,142,0,0,7081,1995,0,0
0,143,0,0,7082,1995,0,0
0,143,0,0,7083,1995,0,0
0,143,0,0,7084,1995,0,0
0,143,0,0,7085,1995,0,0
0,144,0,0,7086,1995,0,0
0,144,0,0,7087,1995,0,0
0,144,0,0,7088,1995,0,0
0,144,0,0,7089,1995,0,0
0,145,0,0,7090,1995,0,0
0,145,0,0,7091,1995,0,0
0,145,0,0,7092,1995,0,0
0,145,0,0,7093,1995,0,0
0,145,0,0,7094,1995,0,0
0,146,0,0,7095,1994,0,0
0,146,0,0,7096,1994,0,0
0,146,0,0,7097,1994,0,0
0,146,0,0,7098,1994,0,0
0,147,0,0,7099,1994,0,0
0,147,0,0,7100,1994,0,0
0,147,0,0,7101,1994,0,0
0,147,0,0,7102,1994,0,0
0,147,0,0,7103,1994,0,0
0,148,0,0,7104,1994,0,0
0,148,0,0,7105,1994,0,0
0,148,0,0,7106,1994,0,0
0,148,0,0,7107,1994,0,0
0,149,0,0,7108,1994,0,0
0,149,0,0,7109,1994,0,0
0,149,0,0,7110,1994,0,0
0,149,0,0,7111,1994,0,0
0,149,0,0,7112,1994,0,0
0,150,0,0,7113,1994,0,0
0,150,0,0,7114,1994,0,0
0,150,0,0,7115,1994,0,0
0,150,0,0,7116,1993,0,0
0,151,0,0,7117,1993,0,0
0,151,0,0,7118,1993,0,0
0,151,0,0,7119,1993,0,0
0,151,0,0,7120,1993,0,0
0,152,0,0,7121,1993,0,0
0,152,0,0,7122,1993,0,0
0,152,0,0,7123,1993,0,0
0,152,0,0,7124,1993,0,0
0,152,0,0,7125,1993,0,0
0,153,0,0,7126,1993,0,0
0,153,0,0,7127,1993,0,0
0,153,0,0,7128,1993,0,0
0,153,0,0,7129,1993,0,0
0,154,0,0,7130,1993,0,0
0,154,0,0,7131,1993,0,0
0,154,0,0,7132,1993,0,0
0,154,0,0,7133,1993,0,0
0,154,0,0,7134,1993,0,0
0,155,0,0,7135,1993,0,0
0,155,0,0,7136,1993,0,0
0,155,0,0,7137,1993,0,0
0,155,0,0,7138,1993,0,0
0,156,0,0,7139,1993,0,0
0,156,0,0,7140,1992,0,0
0,156,0,0,7141,1992,0,0
0,156,0,0,7142,1992,0,0
0,156,0,0,7143,1992,0,0
0,157,0,0,7144,1992,0,0
0,157,0,0,7145,1992,0,0
0,157,0,0,7146,1992,0,0
0,157,0,0,7147,1992,0,0
0,158,0,0,7148,1992,0,0
0,158,0,0,7149,1992,0,0
0,158,0,0,7150,1992,0,0
0,158,0,0,7151,1992,0,0
0,158,0,0,7152,1992,0,0
0,159,0,0,7153,1992,0,0
0,159,0,0,7154,1992,0,0
0,159,0,0,7155,1992,0,0
0,159,0,0,7156,1992,0,0
0,160,0,0,7157,1992,0,0
0,160,0,0,7158,1992,0,0
0,160,0,0,7159,1992,0,0
0,160,0,0,7160,1992,0,0
0,160,0,0,7161,1992,0,0
0,161,0,0,7162,1992,0,0
0,161,0,0,7163,1992,0,0
0,161,0,0,7164,1992,0,0
0,161,0,0,7165,1992,0,0
0,162,0,0,7166,1992,0,0
0,162,0,0,7167,1992,0,0
0,162,0,0,7168,1991,0,0
0,162,0,0,7169,1991,0,0
0,162,0,0,7170,1991,0,0
0,163,0,0,7171,1991,0,0
0,163,0,0,7172,1991,0,0
0,163,0,0,7173,1991,0,0
0,163,0,0,7174,1991,0,0
0,163,0,0,7175,1991,0,0
0,164,0,0,7176,1991,0,0
0,164,0,0,7177,1991,0,0
0,164,0,0,7178,1991,0,0
0,164,0,0,7179,1991,0,0
0,165,0,0,7180,1991,0,0
0,165,0,0,7181,1991,0,0
0,165,0,0,7182,1991,0,0
0,165,0,0,7183,1991,0,0
0,165,0,0,7184,1991,0,0
0,166,0,0,7185,1991,0,0
0,166,0,0,7186,1991,0,0
0,166,0,0,7187,1991,0,0
0,166,0,0,7188,1991,0,0
0,167,0,0,7189,1991,0,0
0,167,0,0,7190,1991,0,0
0,167,0,0,7191,1991,0,0
0,167,0,0,7192,1991,0,0
0,167,0,0,7193,1991,0,0
0,168,0,0,7194,1991,0,0
0,168,0,0,7195,1991,0,0
0,168,0,0,7196,1991,0,0
0,168,0,0,7197,1991,0,0
0,168,0,0,7198,1991,0,0
0,169,0,0,7199,1991,0,0
0,169,0,0,7200,1991,0,0
0,169,0,0,7201,1990,0,0
0,169,0,0,7202,1990,0,0
0,170,0,0,7203,1990,0,0
0,170,0,0,7204,1990,0,0
0,170,0,0,7205,1990,0,0
0,170,0,0,7206,1990,0,0
0,170,0,0,7207,1990,0,0
0,171,0,0,7208,1990,0,0
0,171,0,0,7209,1990,0,0
0,171,0,0,7210,1990,0,0
0,171,0,0,7211,1990,0,0
0,172,0,0,7212,1990,0,0
0,172,0,0,7213,1990,0,0
0,172,0,0,7214,1990,0,0
0,172,0,0,7215,1990,0,0
0,172,0,0,7216,1990,0,0
0,173,0,0,7217,1990,0,0
0,173,0,0,7218,1990,0,0
0,173,0,0,7219,1990,0,0
0,173,0,0,7220,1990,0,0
0,173,0,0,7221,1990,0,0
0,174,0,0,7222,1990,0,0
0,174,0,0,7223,1990,0,0
0,174,0,0,7224,1990,0,0
0,174,0,0,7225,1990,0,0
0,175,0,0,7226,1990,0,0
0,175,0,0,7227,1990,0,0
0,175,0,0,7228,1990,0,0
0,175,0,0,7229,1990,0,0
0,175,0,0,7230,1990,0,0
0,176,0,0,7231,1990,0,0
0,176,0,0,7232,1990,0,0
0,176,0,0,7233,1990,0,0
0,176,0,0,7234,1990,0,0
0,176,0,0,7235,1990,0,0
0,177,0,0,7236,1990,0,0
0,177,0,0,7237,1990,0,0
0,177,0,0,7238,1990,0,0
0,177,0,0,7239,1990,0,0
0,178,0,0,7240,1990,0,0
0,178,0,0,7241,1990,0,0
0,178,0,0,7242,1990,0,0
0,178,0,0,7243,1990,0,0
0,178,0,0,7244,1990,0,0
0,179,0,0,7245,1989,0,0
0,179,0,0,7246,1989,0,0
0,179,0,0,7247,1989,0,0
0,179,0,0,7248,1989,0,0
0,179,0,0,7249,1989,0,0
0,180,0,0,7250,1989,0,0
0,180,0,0,7251,1989,0,0
0,180,0,0,7252,1989,0,0
0,180,0,0,7253,1989,0,0
0,180,0,0,7254,1989,0,0
0,181,0,0,7255,1989,0,0
0,181,0,0,7256,1989,0,0
0,181,0,0,7257,1989,0,0
0,181,0,0,7258,1989,0,0
0,182,0,0,7259,1989,0,0
0,182,0,0,7260,1989,0,0
0,182,0,0,7261,1989,0,0
0,182,0,0,7262,1989,0,0
0,182,0,0,7263,1989,0,0
0,183,0,0,7264,1989,0,0
0,183,0,0,7265,1989,0,0
0,183,0,0,7266,1989,0,0
0,183,0,0,7267,1989,0,0
0,183,0,0,7268,1989,0,0
0,184,0,0,7269,1989,0,0
0,184,0,0,7270,1989,0,0
0,184,0,0,7271,1989,0,0
0,184,0,0,7272,1989,0,0
0,184,0,0,7273,1989,0,0
0,185,0,0,7274,1989,0,0
0,185,0,0,7275,1989,0,0
0,185,0,0,7276,1989,0,0
0,185,0,0,7277,1989,0,0
0,186,0,0,7278,1989,0,0
0,186,0,0,7279,1989,0,0
0,186,0,0,7280,1989,0,0
0,186,0,0,7281,1989,0,0
0,186,0,0,7282,1989,0,0
0,187,0,0,7283,1989,0,0
0,187,0,0,7284,1989,0,0
0,187,0,0,7285,1989,0,0
0,187,0,0,7286,1989,0,0
0,187,0,0,7287,1989,0,0
0,188,0,0,7288,1989,0,0
0,188,0,0,7289,1989,0,0
0,188,0,0,7290,1989,0,0
0,188,0,0,7291,1989,0,0
0,188,0,0,7292,1989,0,0
0,189,0,0,7293,1989,0,0
0,189,0,0,7294,1989,0,0
0,189,0,0,7295,1989,0,0
0,189,0,0,7296,1989,0,0
0,189,0,0,7297,1989,0,0
0,190,0,0,7298,1989,0,0
0,190,0,0,7299,1989,0,0
0,190,0,0,7300,1989,0,0
0,190,0,0,7301,1989,0,0
0,191,0,0,7302,1989,0,0
0,191,0,0,7303,1989,0,0
0,191,0,0,7304,1989,0,0
0,191,0,0,7305,1989,0,0
0,191,0,0,7306,1989,0,0
0,192,0,0,7307,1989,0,0
0,192,0,0,7308,1989,0,0
0,192,0,0,7309,1989,0,0
0,192,0,0,7310,1989,0,0
0,192,0,0,7311,1989,0,0
0,193,0,0,7312,1989,0,0
0,193,0,0,7313,1989,0,0
0,193,0,0,7314,1989,0,0
0,193,0,0,7315,1989,0,0
0,193,0,0,7316,1989,0,0
0,194,0,0,7317,1989,0,0
0,194,0,0,7318,1989,0,0
0,194,0,0,7319,1989,0,0
0,194,0,0,7320,1989,0,0
0,194,0,0,7321,1989,0,0
0,195,0,0,7322,1989,0,0
0,195,0,0,7323,1989,0,0
0,195,0,0,7324,1989,0,0
0,195,0,0,7325,1989,0,0
0,195,0,0,7326,1989,0,0
0,196,0,0,7327,1989,0,0
0,196,0,0,7328,1989,0,0
0,196,0,0,7329,1989,0,0
0,196,0,0,7330,1989,0,0
0,196,0,0,7331,1989,0,0
0,197,0,0,7332,1989,0,0
0,197,0,0,7333,1989,0,0
0,197,0,0,7334,1989,0,0
0,197,0,0,7335,1989,0,0
0,197,0,0,7336,1989,0,0
0,198,0,0,7337,1989,0,0
0,198,0,0,7338,1989,0,0
0,198,0,0,7339,1989,0,0
0,198,0,0,7340,1989,0,0
0,198,0,0,7341,1989,0,0
0,199,0,0,7342,1989,0,0
0,199,0,0,7343,1989,0,0
0,199,0,0,7344,1989,0,0
0,199,0,0,7345,1989,0,0
0,199,0,0,7346,1989,0,0
0,200,0,0,7347,1989,0,0
0,200,0,0,7348,1989,0,0
0,200,0,0,7349,1989,0,0
0,200,0,0,7350,1989,0,0
0,200,0,0,7351,1989,0,0
0,201,0,0,7352,1989,0,0
0,201,0,0,7353,1989,0,0
0,201,0,0,7354,1989,0,0
0,201,0,0,7355,1989,0,0
0,201,0,0,7356,1989,0,0
0,202,0,0,7357,1989,0,0
0,202,0,0,7358,1989,0,0
0,202,0,0,7359,1989,0,0
0,202,0,0,7360,1989,0,0
0,202,0,0,7361,1989,0,0
0,203,0,0,7362,1989,0,0
0,203,0,0,7363,1989,0,0
0,203,0,0,7364,1989,0,0
0,203,0,0,7365,1989,0,0
0,203,0,0,7366,1989,0,0
0,204,0,0,7367,1989,0,0
0,204,0,0,7368,1989,0,0
0,204,0,0,7369,1989,0,0
0,204,0,0,7370,1989,0,0
0,204,0,0,7371,1989,0,0
0,205,0,0,7372,1989,0,0
0,205,0,0,7373,1989,0,0
0,205,0,0,7374,1989,0,0
0,205,0,0,7375,1989,0,0
0,205,0,0,7376,1989,0,0
0,206,0,0,7377,1989,0,0
0,206,0,0,7378,1989,0,0
0,206,0,0,7379,1989,0,0
0,206,0,0,7380,1989,0,0
0,206,0,0,7381,1989,0,0
0,207,0,0,7382,1989,0,0
0,207,0,0,7383,1989,0,0
0,207,0,0,7384,1989,0,0
0,207,0,0,7385,1989,0,0
0,207,0,0,7386,1989,0,0
0,208,0,0,7387,1989,0,0
0,208,0,0,7388,1989,0,0
0,208,0,0,7389,1989,0,0
0,208,0,0,7390,1989,0,0
0,208,0,0,7391,1989,0,0
0,209,0,0,7392,1989,0,0
0,209,0,0,7393,1989,0,0
0,209,0,0,7394,1989,0,0
0,209,0,0,7395,1989,0,0
0,209,0,0,7396,1989,0,0
0,210,0,0,7397,1989,0,0
0,210,0,0,7398,1989,0,0
0,210,0,0,7399,1989,0,0
0,210,0,0,7400,1989,0,0
0,210,0,0,7401,1989,0,0
0,211,0,0,7402,1989,0,0
0,211,0,0,7403,1989,0,0
0,211,0,0,7404,1989,0,0
0,211,0,0,7405,1989,0,0
0,211,0,0,7406,1989,0,0
0,212,0,0,7407,1989,0,0
0,212,0,0,7408,1989,0,0
0,212,0,0,7409,1989,0,0
0,212,0,0,7410,1989,0,0
0,212,0,0,7411,1989,0,0
0,213,0,0,7412,1989,0,0
0,213,0,0,7413,1989,0,0
0,213,0,0,7414,1989,0,0
0,213,0,0,7415,1989,0,0
0,213,0,0,7416,1989,0,0
0,213,0,0,7417,1989,0,0
0,214,0,0,7418,1989,0,0
0,214,0,0,7419,1989,0,0
0,214,0,0,7420,1989,0,0
0,214,0,0,7421,1989,0,0
0,214,0,0,7422,1989,0,0
0,215,0,0,7423,1989,0,0
0,215,0,0,7424,1989,0,0
0,215,0,0,7425,1989,0,0
0,215,0,0,7426,1989,0,0
0,215,0,0,7427,1989,0,0
0,216,0,0,7428,1989,0,0
0,216,0,0,7429,1989,0,0
0,216,0,0,7430,1989,0,0
0,216,0,0,7431,1989,0,0
0,216,0,0,7432,1989,0,0
0,217,0,0,7433,1989,0,0
0,217,0,0,7434,1989,0,0
0,217,0,0,7435,1989,0,0
0,217,0,0,7436,1989,0,0
0,217,0,0,7437,1989,0,0
0,218,0,0,7438,1989,0,0
0,218,0,0,7439,1989,0,0
0,218,0,0,7440,1989,0,0
0,218,0,0,7441,1990,0,0
0,218,0,0,7442,1990,0,0
0,218,0,0,7443,1990,0,0
0,219,0,0,7444,1990,0,0
0,219,0,0,7445,1990,0,0
0,219,0,0,7446,1990,0,0
0,219,0,0,7447,1990,0,0
0,219,0,0,7448,1990,0,0
0,220,0,0,7449,1990,0,0
0,220,0,0,7450,1990,0,0
0,220,0,0,7451,1990,0,0
0,220,0,0,7452,1990,0,0
0,220,0,0,7453,1990,0,0
0,221,0,0,7454,1990,0,0
0,221,0,0,7455,1990,0,0
0,221,0,0,7456,1990,0,0
0,221,0,0,7457,1990,0,0
0,221,0,0,7458,1990,0,0
0,222,0,0,7459,1990,0,0
0,222,0,0,7460,1990,0,0
0,222,0,0,7461,1990,0,0
0,222,0,0,7462,1990,0,0
0,222,0,0,7463,1990,0,0
0,222,0,0,7464,1990,0,0
0,223,0,0,7465,1990,0,0
0,223,0,0,7466,1990,0,0
0,223,0,0,7467,1990,0,0
0,223,0,0,7468,1990,0,0
0,223,0,0,7469,1990,0,0
0,224,0,0,7470,1990,0,0
0,224,0,0,7471,1990,0,0
0,224,0,0,7472,1990,0,0
0,224,0,0,7473,1990,0,0
0,224,0,0,7474,1990,0,0
0,225,0,0,7475,1990,0,0
0,225,0,0,7476,1990,0,0
0,225,0,0,7477,1990,0,0
0,225,0,0,7478,1990,0,0
0,225,0,0,7479,1990,0,0
0,225,0,0,7480,1990,0,0
0,226,0,0,7481,1990,0,0
0,226,0,0,7482,1990,0,0
0,226,0,0,7483,1990,0,0
0,226,0,0,7484,1990,0,0
0,226,0,0,7485,1990,0,0
0,227,0,0,7486,1990,0,0
0,227,0,0,7487,1991,0,0
0,227,0,0,7488,1991,0,0
0,227,0,0,7489,1991,0,0
0,227,0,0,7490,1991,0,0
0,227,0,0,7491,1991,0,0
0,228,0,0,7492,1991,0,0
0,228,0,0,7493,1991,0,0
0,228,0,0,7494,1991,0,0
0,228,0,0,7495,1991,0,0
0,228,0,0,7496,1991,0,0
0,229,0,0,7497,1991,0,0
0,229,0,0,7498,1991,0,0
0,229,0,0,7499,1991,0,0
0,229,0,0,7500,1991,0,0
0,229,0,0,7501,1991,0,0
0,230,0,0,7502,1991,0,0
0,230,0,0,7503,1991,0,0
0,230,0,0,7504,1991,0,0
0,230,0,0,7505,1991,0,0
0,230,0,0,7506,1991,0,0
0,230,0,0,7507,1991,0,0
0,231,0,0,7508,1991,0,0
0,231,0,0,7509,1991,0,0
0,231,0,0,7510,1991,0,0
0,231,0,0,7511,1991,0,0
0,231,0,0,7512,1991,0,0
0,232,0,0,7513,1991,0,0
0,232,0,0,7514,1991,0,0
0,232,0,0,7515,1991,0,0
0,232,0,0,7516,1991,0,0
0,232,0,0,7517,1991,0,0
0,232,0,0,7518,1991,0,0
0,233,0,0,7519,1991,0,0
0,233,0,0,7520,1991,0,0
0,233,0,0,7521,1991,0,0
0,233,0,0,7522,1992,0,0
0,233,0,0,7523,1992,0,0
0,234,0,0,7524,1992,0,0
0,234,0,0,7525,1992,0,0
0,234,0,0,7526,1992,0,0
0,234,0,0,7527,1992,0,0
0,234,0,0,7528,1992,0,0
0,234,0,0,7529,1992,0,0
0,235,0,0,7530,1992,0,0
0,235,0,0,7531,1992,0,0
0,235,0,0,7532,1992,0,0
0,235,0,0,7533,1992,0,0
0,235,0,0,7534,1992,0,0
0,236,0,0,7535,1992,0,0
0,236,0,0,7536,1992,0,0
0,236,0,0,7537,1992,0,0
0,236,0,0,7538,1992,0,0
0,236,0,0,7539,1992,0,0
0,236,0,0,7540,1992,0,0
0,237,0,0,7541,1992,0,0
0,237,0,0,7542,1992,0,0
0,237,0,0,7543,1992,0,0
0,237,0,0,7544,1992,0,0
0,237,0,0,7545,1992,0,0
0,237,0,0,7546,1992,0,0
0,238,0,0,7547,1992,0,0
0,238,0,0,7548,1992,0,0
0,238,0,0,7549,1992,0,0
0,238,0,0,7550,1992,0,0
0,238,0,0,7551,1992,0,0
0,239,0,0,7552,1993,0,0
0,239,0,0,7553,1993,0,0
0,239,0,0,7554,1993,0,0
0,239,0,0,7555,1993,0,0
0,239,0,0,7556,1993,0,0
0,239,0,0,7557,1993,0,0
0,240,0,0,7558,1993,0,0
0,240,0,0,7559,1993,0,0
0,240,0,0,7560,1993,0,0
0,240,0,0,7561,1993,0,0
0,240,0,0,7562,1993,0,0
0,240,0,0,7563,1993,0,0
0,241,0,0,7564,1993,0,0
0,241,0,0,7565,1993,0,0
0,241,0,0,7566,1993,0,0
0,241,0,0,7567,1993,0,0
0,241,0,0,7568,1993,0,0
0,242,0,0,7569,1993,0,0
0,242,0,0,7570,1993,0,0
0,242,0,0,7571,1993,0,0
0,242,0,0,7572,1993,0,0
0,242,0,0,7573,1993,0,0
0,242,0,0,7574,1993,0,0
0,243,0,0,7575,1993,0,0
0,243,0,0,7576,1993,0,0
0,243,0,0,7577,1993,0,0
0,243,0,0,7578,1994,0,0
0,243,0,0,7579,1994,0,0
0,243,0,0,7580,1994,0,0
0,244,0,0,7581,1994,0,0
0,244,0,0,7582,1994,0,0
0,244,0,0,7583,1994,0,0
0,244,0,0,7584,1994,0,0
0,244,0,0,7585,1994,0,0
0,244,0,0,7586,1994,0,0
0,245,0,0,7587,1994,0,0
0,245,0,0,7588,1994,0,0
0,245,0,0,7589,1994,0,0
0,245,0,0,7590,1994,0,0
0,245,0,0,7591,1994,0,0
0,246,0,0,7592,1994,0,0
0,246,0,0,7593,1994,0,0
0,246,0,0,7594,1994,0,0
0,246,0,0,7595,1994,0,0
0,246,0,0,7596,1994,0,0
0,246,0,0,7597,1994,0,0
0,247,0,0,7598,1994,0,0
0,247,0,0,7599,1994,0,0
0,247,0,0,7600,1994,0,0
0,247,0,0,7601,1994,0,0
0,247,0,0,7602,1995,0,0
0,247,0,0,7603,1995,0,0
0,248,0,0,7604,1995,0,0
0,248,0,0,7605,1995,0,0
0,248,0,0,7606,1995,0,0
0,248,0,0,7607,1995,0,0
0,248,0,0,7608,1995,0,0
0,248,0,0,7609,1995,0,0
0,249,0,0,7610,1995,0,0
0,249,0,0,7611,1995,0,0
0,249,0,0,7612,1995,0,0
0,249,0,0,7613,1995,0,0
0,249,0,0,7614,1995,0,0
0,249,0,0,7615,1995,0,0
0,250,0,0,7616,1995,0,0
0,250,0,0,7617,1995,0,0
0,250,0,0,7618,1995,0,0
0,250,0,0,7619,1995,0,0
0,250,0,0,7620,1995,0,0
0,250,0,0,7621,1995,0,0
0,251,0,0,7622,1995,0,0
0,251,0,0,7623,1995,0,0
0,251,0,0,7624,1996,0,0
0,251,0,0,7625,1996,0,0
0,251,0,0,7626,1996,0,0
0,251,0,0,7627,1996,0,0
0,252,0,0,7628,1996,0,0
0,252,0,0,7629,1996,0,0
0,252,0,0,7630,1996,0,0
0,252,0,0,7631,1996,0,0
0,252,0,0,7632,1996,0,0
0,252,0,0,7633,1996,0,0
0,253,0,0,7634,1996,0,0
0,253,0,0,7635,1996,0,0
0,253,0,0,7636,1996,0,0
0,253,0,0,7637,1996,0,0
0,253,0,0,7638,1996,0,0
0,253,0,0,7639,1996,0,0
0,254,0,0,7640,1996,0,0
0,254,0,0,7641,1996,0,0
0,254,0,0,7642,1996,0,0
0,254,0,0,7643,1996,0,0
0,254,0,0,7644,1996,0,0
0,254,0,0,7645,1997,0,0
0,255,0,0,7646,1997,0,0
0,255,0,0,7647,1997,0,0
0,255,0,0,7648,1997,0,0
0,255,0,0,7649,1997,0,0
0,255,0,0,7650,1997,0,0
0,255,0,0,7651,1997,0,0
0,256,0,0,7652,1997,0,0
0,256,0,0,7653,1997,0,0
0,256,0,0,7654,1997,0,0
0,256,0,0,7655,1997,0,0
0,256,0,0,7656,1997,0,0
0,256,0,0,7657,1997,0,0
0,257,0,0,7658,1997,0,0
0,257,0,0,7659,1997,0,0
0,257,0,0,7660,1997,0,0
0,257,0,0,7661,1997,0,0
0,257,0,0,7662,1997,0,0
0,257,0,0,7663,1997,0,0
0,258,0,0,7664,1998,0,0
0,258,0,0,7665,1998,0,0
0,258,0,0,7666,1998,0,0
0,258,0,0,7667,1998,0,0
0,258,0,0,7668,1998,0,0
0,258,0,0,7669,1998,0,0
0,259,0,0,7670,1998,0,0
0,259,0,0,7671,1998,0,0
0,259,0,0,7672,1998,0,0
0,259,0,0,7673,1998,0,0
0,259,0,0,7674,1998,0,0
0,259,0,0,7675,1998,0,0
0,260,0,0,7676,1998,0,0
0,260,0,0,7677,1998,0,0
0,260,0,0,7678,1998,0,0
0,260,0,0,7679,1998,0,0
0,260,0,0,7680,1998,0,0
0,260,0,0,7681,1998,0,0
0,261,0,0,7682,1998,0,0
0,261,0,0,7683,1999,0,0
0,261,0,0,7684,1999,0,0
0,261,0,0,7685,1999,0,0
0,261,0,0,7686,1999,0,0
0,261,0,0,7687,1999,0,0
0,261,0,0,7688,1999,0,0
0,262,0,0,7689,1999,0,0
0,262,0,0,7690,1999,0,0
0,262,0,0,7691,1999,0,0
0,262,0,0,7692,1999,0,0
0,262,0,0,7693,1999,0,0
0,262,0,0,7694,1999,0,0
0,263,0,0,7695,1999,0,0
0,263,0,0,7696,1999,0,0
0,263,0,0,7697,1999,0,0
0,263,0,0,7698,1999,0,0
0,263,0,0,7699,1999,0,0
0,263,0,0,7700,2000,0,0
0,264,0,0,7701,2000,0,0
0,264,0,0,7702,2000,0,0
0,264,0,0,7703,2000,0,0
0,264,0,0,7704,2000,0,0
0,264,0,0,7705,2000,0,0
0,264,0,0,7706,2000,0,0
0,265,0,0,7707,2000,0,0
0,265,0,0,7708,2000,0,0
0,265,0,0,7709,2000,0,0
0,265,0,0,7710,2000,0,0
0,265,0,0,7711,2000,0,0
0,265,0,0,7712,2000,0,0
0,265,0,0,7713,2000,0,0
0,266,0,0,7714,2000,0,0
0,266,0,0,7715,2000,0,0
0,266,0,0,7716,2000,0,0
0,266,0,0,7717,2001,0,0
0,266,0,0,7718,2001,0,0
0,266,0,0,7719,2001,0,0
0,267,0,0,7720,2001,0,0
0,267,0,0,7721,2001,0,0
0,267,0,0,7722,2001,0,0
0,267,0,0,7723,2001,0,0
0,267,0,0,7724,2001,0,0
0,267,0,0,7725,2001,0,0
0,267,0,0,7726,2001,0,0
0,268,0,0,7727,2001,0,0
0,268,0,0,7728,2001,0,0
0,268,0,0,7729,2001,0,0
0,268,0,0,7730,2001,0,0
0,268,0,0,7731,2001,0,0
0,268,0,0,7732,2001,0,0
0,269,0,0,7733,2001,0,0
0,269,0,0,7734,2002,0,0
0,269,0,0,7735,2002,0,0
0,269,0,0,7736,2002,0,0
0,269,0,0,7737,2002,0,0
0,269,0,0,7738,2002,0,0
0,269,0,0,7739,2002,0,0
0,270,0,0,7740,2002,0,0
0,270,0,0,7741,2002,0,0
0,270,0,0,7742,2002,0,0
0,270,0,0,7743,2002,0,0
0,270,0,0,7744,2002,0,0
0,270,0,0,7745,2002,0,0
0,271,0,0,7746,2002,0,0
0,271,0,0,7747,2002,0,0
0,271,0,0,7748,2002,0,0
0,271,0,0,7749,2003,0,0
0,271,0,0,7750,2003,0,0
0,271,0,0,7751,2003,0,0
0,271,0,0,7752,2003,0,0
0,272,0,0,7753,2003,0,0
0,272,0,0,7754,2003,0,0
0,272,0,0,7755,2003,0,0
0,272,0,0,7756,2003,0,0
0,272,0,0,7757,2003,0,0
0,272,0,0,7758,2003,0,0
0,273,0,0,7759,2003,0,0
0,273,0,0,7760,2003,0,0
0,273,0,0,7761,2003,0,0
0,273,0,0,7762,2003,0,0
0,273,0,0,7763,2003,0,0
0,273,0,0,7764,2003,0,0
0,273,0,0,7765,2004,0,0
0,274,0,0,7766,2004,0,0
0,274,0,0,7767,2004,0,0
0,274,0,0,7768,2004,0,0
0,274,0,0,7769,2004,0,0
0,274,0,0,7770,2004,0,0
0,274,0,0,7771,2004,0,0
0,274,0,0,7772,2004,0,0
0,275,0,0,7773,2004,0,0
0,275,0,0,7774,2004,0,0
0,275,0,0,7775,2004,0,0
0,275,0,0,7776,2004,0,0
0,275,0,0,7777,2004,0,0
0,275,0,0,7778,2004,0,0
0,276,0,0,7779,2005,0,0
0,276,0,0,7780,2005,0,0
0,276,0,0,7781,2005,0,0
0,276,0,0,7782,2005,0,0
0,276,0,0,7783,2005,0,0
0,276,0,0,7784,2005,0,0
0,276,0,0,7785,2005,0,0
0,277,0,0,7786,2005,0,0
0,277,0,0,7787,2005,0,0
0,277,0,0,7788,2005,0,0
0,277,0,0,7789,2005,0,0
0,277,0,0,7790,2005,0,0
0,277,0,0,7791,2005,0,0
0,277,0,0,7792,2005,0,0
0,278,0,0,7793,2005,0,0
0,278,0,0,7794,2006,0,0
0,278,0,0,7795,2006,0,0
0,278,0,0,7796,2006,0,0
0,278,0,0,7797,2006,0,0
0,278,0,0,7798,2006,0,0
0,278,0,0,7799,2006,0,0
0,279,0,0,7800,2006,0,0
0,279,0,0,7801,2006,0,0
0,279,0,0,7802,2006,0,0
0,279,0,0,7803,2006,0,0
0,279,0,0,7804,2006,0,0
0,279,0,0,7805,2006,0,0
0,279,0,0,7806,2006,0,0
0,280,0,0,7807,2006,0,0
0,280,0,0,7808,2007,0,0
0,280,0,0,7809,2007,0,0
0,280,0,0,7810,2007,0,0
0,280,0,0,7811,2007,0,0
0,280,0,0,7812,2007,0,0
0,280,0,0,7813,2007,0,0
0,281,0,0,7814,2007,0,0
0,281,0,0,7815,2007,0,0
0,281,0,0,7816,2007,0,0
0,281,0,0,7817,2007,0,0
0,281,0,0,7818,2007,0,0
0,281,0,0,7819,2007,0,0
0,281,0,0,7820,2007,0,0
0,282,0,0,7821,2008,0,0
0,282,0,0,7822,2008,0,0
0,282,0,0,7823,2008,0,0
0,282,0,0,7824,2008,0,0
0,282,0,0,7825,2008,0,0
0,282,0,0,7826,2008,0,0
0,282,0,0,7827,2008,0,0
0,283,0,0,7828,2008,0,0
0,283,0,0,7829,2008,0,0
0,283,0,0,7830,2008,0,0
0,283,0,0,7831,2008,0,0
0,283,0,0,7832,2008,0,0
0,283,0,0,7833,2008,0,0
0,283,0,0,7834,2008,0,0
0,284,0,0,7835,2009,0,0
0,284,0,0,7836,2009,0,0
0,284,0,0,7837,2009,0,0
0,284,0,0,7838,2009,0,0
0,284,0,0,7839,2009,0,0
0,284,0,0,7840,2009,0,0
0,284,0,0,7841,2009,0,0
0,285,0,0,7842,2009,0,0
0,285,0,0,7843,2009,0,0
0,285,0,0,7844,2009,0,0
0,285,0,0,7845,2009,0,0
0,285,0,0,7846,2009,0,0
0,285,0,0,7847,2009,0,0
0,285,0,1,7848,2010,0,0
0,286,0,1,7849,2010,0,0
0,286,1,1,7850,2010,0,0
0,284,1,1,7851,2010,0,0
0,282,1,1,7852,2010,0,0
0,281,1,1,7853,2010,0,0
0,279,1,1,7854,2010,0,0
0,278,1,1,7855,2010,0,0
0,276,1,1,7856,2010,0,0
0,274,1,1,7857,2010,0,0
0,273,1,1,7858,2010,0,0
0,271,1,1,7859,2010,0,0
0,269,1,1,7860,2010,0,0
0,268,1,1,7861,2010,0,0
0,266,1,1,7862,2011,0,0
0,265,1,1,7863,2011,0,0
0,263,1,1,7864,2011,0,0
0,261,1,1,7865,2011,0,0
0,260,1,1,7866,2011,0,0
0,258,1,1,7867,2011,0,0
0,256,1,1,7868,2011,0,0
0,255,1,1,7869,2011,0,0
0,253,1,1,7870,2011,0,0
0,252,1,1,7871,2011,0,0
0,250,1,1,7872,2011,0,0
0,248,1,1,7873,2011,0,0
0,247,1,1,7874,2011,0,0
0,245,1,1,7875,2011,0,0
0,244,1,1,7876,2011,0,0
0,242,1,1,7877,2011,0,0
0,240,1,1,7878,2011,0,0
0,239,1,1,7879,2011,0,0
0,237,1,1,7880,2011,0,0
0,235,1,1,7881,2011,0,0
0,234,1,1,7882,2011,0,0
0,232,1,1,7883,2011,0,0
0,231,1,1,7884,2012,0,0
0,229,1,1,7885,2012,0,0
0,227,1,1,7886,2012,0,0
0,226,1,1,7887,2012,0,0
0,224,1,1,7888,2012,0,0
0,223,1,1,7889,2012,0,0
0,221,1,1,7890,2012,0,0
0,219,1,1,7891,2012,0,0
0,218,1,1,7892,2012,0,0
0,216,1,1,7893,2012,0,0
0,215,1,1,7894,2012,0,0
0,213,1,1,7895,2012,0,0
0,211,1,1,7896,2012,0,0
0,210,1,1,7897,2012,0,0
0,208,1,1,7898,2012,0,0
0,207,1,1,7899,2012,0,0
0,205,1,1,7900,2012,0,0
0,203,1,1,7901,2012,0,0
0,202,1,1,7902,2012,0,0
0,200,1,1,7903,2012,0,0
0,199,1,1,7904,2012,0,0
0,197,1,1,7905,2012,0,0
0,195,1,1,7906,2012,0,0
0,194,1,1,7907,2012,0,0
0,192,1,1,7908,2012,0,0
0,191,1,1,7909,2012,0,0
0,189,1,1,7910,2012,0,0
0,187,1,1,7911,2012,0,0
0,186,1,1,7912,2012,0,0
0,184,1,1,7913,2012,0,0
0,183,1,1,7914,2012,0,0
0,181,1,1,7915,2012,0,0
0,179,1,1,7916,2012,0,0
0,178,1,1,7917,2012,0,0
0,176,1,1,7918,2012,0,0
0,175,1,1,7919,2012,0,0
0,173,1,1,7920,2012,0,0
0,172,1,1,7921,2012,0,0
0,170,1,1,7922,2012,0,0
0,168,1,1,7923,2011,0,0
0,167,1,1,7924,2011,0,0
0,165,1,1,7925,2011,0,0
0,164,1,1,7926,2011,0,0
0,162,1,1,7927,2011,0,0
0,160,1,1,7928,2011,0,0
0,159,1,1,7929,2011,0,0
0,157,1,1,7930,2011,0,0
0,156,1,1,7931,2011,0,0
0,154,1,1,7932,2011,0,0
0,153,1,1,7933,2011,0,0
0,151,1,1,7934,2011,0,0
0,149,1,1,7935,2011,0,0
0,148,1,1,7936,2011,0,0
0,146,1,1,7937,2011,0,0
0,145,1,1,7938,2011,0,0
0,143,1,1,7939,2011,0,0
0,141,1,1,7940,2011,0,0
0,140,1,1,7941,2011,0,0
0,138,1,1,7942,2011,0,0
0,137,1,1,7943,2011,0,0
0,135,1,1,7944,2011,0,0
0,134,1,1,7945,2011,0,0
0,132,1,1,7946,2010,0,0
0,130,1,1,7947,2010,0,0
0,129,1,1,7948,2010,0,0
0,127,1,1,7949,2010,0,0
0,126,1,1,7950,2010,0,0
0,124,1,1,7951,2010,0,0
0,123,1,1,7952,2010,0,0
0,121,1,1,7953,2010,0,0
0,120,1,1,7954,2010,0,0
0,118,1,1,7955,2010,0,0
0,116,1,1,7956,2010,0,0
0,115,1,1,7957,2010,0,0
0,113,1,1,7958,2010,0,0
0,112,1,1,7959,2010,0,0
0,110,1,0,7960,2009,0,0
0,109,1,0,7961,2009,0,0
0,107,0,0,7962,2009,0,0
0,107,0,0,7963,2009,0,0
0,107,0,0,7964,2009,0,0
0,108,0,0,7965,2009,0,0
0,108,0,0,7966,2009,0,0
0,108,0,0,7967,2009,0,0
0,108,0,0,7968,2009,0,0
0,109,0,0,7969,2009,0,0
0,109,0,0,7970,2009,0,0
0,109,0,0,7971,2009,0,0
0,109,0,0,7972,2008,0,0
0,110,0,0,7973,2008,0,0
0,110,0,0,7974,2008,0,0
0,110,0,0,7975,2008,0,0
0,110,0,0,7976,2008,0,0
0,111,0,0,7977,2008,0,0
0,111,0,0,7978,2008,0,0
0,111,0,0,7979,2008,0,0
0,111,0,0,7980,2008,0,0
0,111,0,0,7981,2008,0,0
0,112,0,0,7982,2008,0,0
0,112,0,0,7983,2008,0,0
0,112,0,0,7984,2007,0,0
0,112,0,0,7985,2007,0,0
0,113,0,0,7986,2007,0,0
0,113,0,0,7987,2007,0,0
0,113,0,0,7988,2007,0,0
0,113,0,0,7989,2007,0,0
0,114,0,0,7990,2007,0,0
0,114,0,0,7991,2007,0,0
0,114,0,0,7992,2007,0,0
0,114,0,0,7993,2007,0,0
0,115,0,0,7994,2007,0,0
0,115,0,0,7995,2007,0,0
0,115,0,0,7996,2007,0,0
0,115,0,0,7997,2006,0,0
0,115,0,0,7998,2006,0,0
0,116,0,0,7999,2006,0,0
0,116,0,0,8000,2006,0,0
0,116,0,0,8001,2006,0,0
0,116,0,0,8002,2006,0,0
0,117,0,0,8003,2006,0,0
0,117,0,0,8004,2006,0,0
0,117,0,0,8005,2006,0,0
0,117,0,0,8006,2006,0,0
0,118,0,0,8007,2006,0,0
0,118,0,0,8008,2006,0,0
0,118,0,0,8009,2006,0,0
0,118,0,0,8010,2005,0,0
0,119,0,0,8011,2005,0,0
0,119,0,0,8012,2005,0,0
0,119,0,0,8013,2005,0,0
0,119,0,0,8014,2005,0,0
0,119,0,0,8015,2005,0,0
0,120,0,0,8016,2005,0,0
0,120,0,0,8017,2005,0,0
0,120,0,0,8018,2005,0,0
0,120,0,0,8019,2005,0,0
0,121,0,0,8020,2005,0,0
0,121,0,0,8021,2005,0,0
0,121,0,0,8022,2005,0,0
0,121,0,0,8023,2005,0,0
0,122,0,0,8024,2004,0,0
0,122,0,0,8025,2004,0,0
0,122,0,0,8026,2004,0,0
0,122,0,0,8027,2004,0,0
0,122,0,0,8028,2004,0,0
0,123,0,0,8029,2004,0,0
0,123,0,0,8030,2004,0,0
0,123,0,0,8031,2004,0,0
0,123,0,0,8032,2004,0,0
0,124,0,0,8033,2004,0,0
0,124,0,0,8034,2004,0,0
0,124,0,0,8035,2004,0,0
0,124,0,0,8036,2004,0,0
0,125,0,0,8037,2004,0,0
0,125,0,0,8038,2003,0,0
0,125,0,0,8039,2003,0,0
0,125,0,0,8040,2003,0,0
0,125,0,0,8041,2003,0,0
0,126,0,0,8042,2003,0,0
0,126,0,0,8043,2003,0,0
0,126,0,0,8044,2003,0,0
0,126,0,0,8045,2003,0,0
0,127,0,0,8046,2003,0,0
0,127,0,0,8047,2003,0,0
0,127,0,0,8048,2003,0,0
0,127,0,0,8049,2003,0,0
0,128,0,0,8050,2003,0,0
0,128,0,0,8051,2003,0,0
0,128,0,0,8052,2003,0,0
0,128,0,0,8053,2002,0,0
0,128,0,0,8054,2002,0,0
0,129,0,0,8055,2002,0,0
0,129,0,0,8056,2002,0,0
0,129,0,0,8057,2002,0,0
0,129,0,0,8058,2002,0,0
0,130,0,0,8059,2002,0,0
0,130,0,0,8060,2002,0,0
0,130,0,0,8061,2002,0,0
0,130,0,0,8062,2002,0,0
0,131,0,0,8063,2002,0,0
0,131,0,0,8064,2002,0,0
0,131,0,0,8065,2002,0,0
0,131,0,0,8066,2002,0,0
0,131,0,0,8067,2002,0,0
0,132,0,0,8068,2001,0,0
0,132,0,0,8069,2001,0,0
0,132,0,0,8070,2001,0,0
0,132,0,0,8071,2001,0,0
0,133,0,0,8072,2001,0,0
0,133,0,0,8073,2001,0,0
0,133,0,0,8074,2001,0,0
0,133,0,0,8075,2001,0,0
0,133,0,0,8076,2001,0,0
0,134,0,0,8077,2001,0,0
0,134,0,0,8078,2001,0,0
0,134,0,0,8079,2001,0,0
0,134,0,0,8080,2001,0,0
0,135,0,0,8081,2001,0,0
0,135,0,0,8082,2001,0,0
0,135,0,0,8083,2001,0,0
0,135,0,0,8084,2001,0,0
0,136,0,0,8085,2000,0,0
0,136,0,0,8086,2000,0,0
0,136,0,0,8087,2000,0,0
0,136,0,0,8088,2000,0,0
0,136,0,0,8089,2000,0,0
0,137,0,0,8090,2000,0,0
0,137,0,0,8091,2000,0,0
0,137,0,0,8092,2000,0,0
0,137,0,0,8093,2000,0,0
0,138,0,0,8094,2000,0,0
0,138,0,0,8095,2000,0,0
0,138,0,0,8096,2000,0,0
0,138,0,0,8097,2000,0,0
0,138,0,0,8098,2000,0,0
0,139,0,0,8099,2000,0,0
0,139,0,0,8100,2000,0,0
0,139,0,0,8101,2000,0,0
0,139,0,0,8102,2000,0,0
0,140,0,0,8103,1999,0,0
0,140,0,0,8104,1999,0,0
0,140,0,0,8105,1999,0,0
0,140,0,0,8106,1999,0,0
0,141,0,0,8107,1999,0,0
0,141,0,0,8108,1999,0,0
0,141,0,0,8109,1999,0,0
0,141,0,0,8110,1999,0,0
0,141,0,0,8111,1999,0,0
0,142,0,0,8112,1999,0,0
0,142,0,0,8113,1999,0,0
0,142,0,0,8114,1999,0,0
0,142,0,0,8115,1999,0,0
0,143,0,0,8116,1999,0,0
0,143,0,0,8117,1999,0,0
0,143,0,0,8118,1999,0,0
0,143,0,0,8119,1999,0,0
0,143,0,0,8120,1999,0,0
0,144,0,0,8121,1999,0,0
0,144,0,0,8122,1998,0,0
0,144,0,0,8123,1998,0,0
0,144,0,0,8124,1998,0,0
0,145,0,0,8125,1998,0,0
0,145,0,0,8126,1998,0,0
0,145,0,0,8127,1998,0,0
0,145,0,0,8128,1998,0,0
0,145,0,0,8129,1998,0,0
0,146,0,0,8130,1998,0,0
0,146,0,0,8131,1998,0,0
0,146,0,0,8132,1998,0,0
0,146,0,0,8133,1998,0,0
0,147,0,0,8134,1998,0,0
0,147,0,0,8135,1998,0,0
0,147,0,0,8136,1998,0,0
0,147,0,0,8137,1998,0,0
0,147,0,0,8138,1998,0,0
0,148,0,0,8139,1998,0,0
0,148,0,0,8140,1998,0,0
0,148,0,0,8141,1998,0,0
0,148,0,0,8142,1997,0,0
0,149,0,0,8143,1997,0,0
0,149,0,0,8144,1997,0,0
0,149,0,0,8145,1997,0,0
0,149,0,0,8146,1997,0,0
0,149,0,0,8147,1997,0,0
0,150,0,0,8148,1997,0,0
0,150,0,0,8149,1997,0,0
0,150,0,0,8150,1997,0,0
0,150,0,0,8151,1997,0,0
0,151,0,0,8152,1997,0,0
0,151,0,0,8153,1997,0,0
0,151,0,0,8154,1997,0,0
0,151,0,0,8155,1997,0,0
0,151,0,0,8156,1997,0,0
0,152,0,0,8157,1997,0,0
0,152,0,0,8158,1997,0,0
0,152,0,0,8159,1997,0,0
0,152,0,0,8160,1997,0,0
0,153,0,0,8161,1997,0,0
0,153,0,0,8162,1997,0,0
0,153,0,0,8163,1997,0,0
0,153,0,0,8164,1997,0,0
0,153,0,0,8165,1996,0,0
0,154,0,0,8166,1996,0,0
0,154,0,0,8167,1996,0,0
0,154,0,0,8168,1996,0,0
0,154,0,0,8169,1996,0,0
0,155,0,0,8170,1996,0,0
0,155,0,0,8171,1996,0,0
0,155,0,0,8172,1996,0,0
0,155,0,0,8173,1996,0,0
0,155,0,0,8174,1996,0,0
0,156,0,0,8175,1996,0,0
0,156,0,0,8176,1996,0,0
0,156,0,0,8177,1996,0,0
0,156,0,0,8178,1996,0,0
0,157,0,0,8179,1996,0,0
0,157,0,0,8180,1996,0,0
0,157,0,0,8181,1996,0,0
0,157,0,0,8182,1996,0,0
0,157,0,0,8183,1996,0,0
0,158,0,0,8184,1996,0,0
0,158,0,0,8185,1996,0,0
0,158,0,0,8186,1996,0,0
0,158,0,0,8187,1996,0,0
0,159,0,0,8188,1996,0,0
0,159,0,0,8189,1996,0,0
0,159,0,0,8190,1995,0,0
0,159,0,0,8191,1995,0,0
0,159,0,0,8192,1995,0,0
0,160,0,0,8193,1995,0,0
0,160,0,0,8194,1995,0,0
0,160,0,0,8195,1995,0,0
0,160,0,0,8196,1995,0,0
0,160,0,0,8197,1995,0,0
0,161,0,0,8198,1995,0,0
0,161,0,0,8199,1995,0,0
0,161,0,0,8200,1995,0,0
0,161,0,0,8201,1995,0,0
0,162,0,0,8202,1995,0,0
0,162,0,0,8203,1995,0,0
0,162,0,0,8204,1995,0,0
0,162,0,0,8205,1995,0,0
0,162,0,0,8206,1995,0,0
0,163,0,0,8207,1995,0,0
0,163,0,0,8208,1995,0,0
0,163,0,0,8209,1995,0,0
0,163,0,0,8210,1995,0,0
0,164,0,0,8211,1995,0,0
0,164,0,0,8212,1995,0,0
0,164,0,0,8213,1995,0,0
0,164,0,0,8214,1995,0,0
0,164,0,0,8215,1995,0,0
0,165,0,0,8216,1995,0,0
0,165,0,0,8217,1995,0,0
0,165,0,0,8218,1995,0,0
0,165,0,0,8219,1995,0,0
0,165,0,0,8220,1994,0,0
0,166,0,0,8221,1994,0,0
0,166,0,0,8222,1994,0,0
0,166,0,0,8223,1994,0,0
0,166,0,0,8224,1994,0,0
0,167,0,0,8225,1994,0,0
0,167,0,0,8226,1994,0,0
0,167,0,0,8227,1994,0,0
0,167,0,0,8228,1994,0,0
0,167,0,0,8229,1994,0,0
0,168,0,0,8230,1994,0,0
0,168,0,0,8231,1994,0,0
0,168,0,0,8232,1994,0,0
0,168,0,0,8233,1994,0,0
0,168,0,0,8234,1994,0,0
0,169,0,0,8235,1994,0,0
0,169,0,0,8236,1994,0,0
0,169,0,0,8237,1994,0,0
0,169,0,0,8238,1994,0,0
0,170,0,0,8239,1994,0,0
0,170,0,0,8240,1994,0,0
0,170,0,0,8241,1994,0,0
0,170,0,0,8242,1994,0,0
0,170,0,0,8243,1994,0,0
0,171,0,0,8244,1994,0,0
0,171,0,0,8245,1994,0,0
0,171,0,0,8246,1994,0,0
0,171,0,0,8247,1994,0,0
0,171,0,0,8248,1994,0,0
0,172,0,0,8249,1994,0,0
0,172,0,0,8250,1994,0,0
0,172,0,0,8251,1994,0,0
0,172,0,0,8252,1994,0,0
0,173,0,0,8253,1994,0,0
0,173,0,0,8254,1994,0,0
0,173,0,0,8255,1994,0,0
0,173,0,0,8256,1994,0,0
0,173,0,0,8257,1993,0,0
0,174,0,0,8258,1993,0,0
0,174,0,0,8259,1993,0,0
0,174,0,0,8260,1993,0,0
0,174,0,0,8261,1993,0,0
0,174,0,0,8262,1993,0,0
0,175,0,0,8263,1993,0,0
0,175,0,0,8264,1993,0,0
0,175,0,0,8265,1993,0,0
0,175,0,0,8266,1993,0,0
0,175,0,0,8267,1993,0,0
0,176,0,0,8268,1993,0,0
0,176,0,0,8269,1993,0,0
0,176,0,0,8270,1993,0,0
0,176,0,0,8271,1993,0,0
0,177,0,0,8272,1993,0,0
0,177,0,0,8273,1993,0,0
0,177,0,0,8274,1993,0,0
0,177,0,0,8275,1993,0,0
0,177,0,0,8276,1993,0,0
0,178,0,0,8277,1993,0,0
0,178,0,0,8278,1993,0,0
0,178,0,0,8279,1993,0,0
0,178,0,0,8280,1993,0,0
0,178,0,0,8281,1993,0,0
0,179,0,0,8282,1993,0,0
0,179,0,0,8283,1993,0,0
0,179,0,0,8284,1993,0,0
0,179,0,0,8285,1993,0,0
0,179,0,0,8286,1993,0,0
0,180,0,0,8287,1993,0,0
0,180,0,0,8288,1993,0,0
0,180,0,0,8289,1993,0,0
0,180,0,0,8290,1993,0,0
0,181,0,0,8291,1993,0,0
0,181,0,0,8292,1993,0,0
0,181,0,0,8293,1993,0,0
0,181,0,0,8294,1993,0,0
0,181,0,0,8295,1993,0,0
0,182,0,0,8296,1993,0,0
0,182,0,0,8297,1993,0,0
0,182,0,0,8298,1993,0,0
0,182,0,0,8299,1993,0,0
0,182,0,0,8300,1993,0,0
0,183,0,0,8301,1993,0,0
0,183,0,0,8302,1993,0,0
0,183,0,0,8303,1993,0,0
0,183,0,0,8304,1993,0,0
0,183,0,0,8305,1993,0,0
0,184,0,0,8306,1993,0,0
0,184,0,0,8307,1993,0,0
0,184,0,0,8308,1993,0,0
0,184,0,0,8309,1993,0,0
0,184,0,0,8310,1993,0,0
0,185,0,0,8311,1993,0,0
0,185,0,0,8312,1993,0,0
0,185,0,0,8313,1992,0,0
0,185,0,0,8314,1992,0,0
0,185,0,0,8315,1992,0,0
0,186,0,0,8316,1992,0,0
0,186,0,0,8317,1992,0,0
0,186,0,0,8318,1992,0,0
0,186,0,0,8319,1992,0,0
0,187,0,0,8320,1992,0,0
0,187,0,0,8321,1992,0,0
0,187,0,0,8322,1992,0,0
0,187,0,0,8323,1992,0,0
0,187,0,0,8324,1992,0,0
0,188,0,0,8325,1992,0,0
0,188,0,0,8326,1992,0,0
0,188,0,0,8327,1992,0,0
0,188,0,0,8328,1992,0,0
0,188,0,0,8329,1992,0,0
0,189,0,0,8330,1992,0,0
0,189,0,0,8331,1992,0,0
0,189,0,0,8332,1992,0,0
0,189,0,0,8333,1992,0,0
0,189,0,0,8334,1992,0,0
0,190,0,0,8335,1992,0,0
0,190,0,0,8336,1992,0,0
0,190,0,0,8337,1992,0,0
0,190,0,0,8338,1992,0,0
0,190,0,0,8339,1992,0,0
0,191,0,0,8340,1992,0,0
0,191,0,0,8341,1992,0,0
0,191,0,0,8342,1992,0,0
0,191,0,0,8343,1992,0,0
0,191,0,0,8344,1992,0,0
0,192,0,0,8345,1992,0,0
0,192,0,0,8346,1992,0,0
0,192,0,0,8347,1992,0,0
0,192,0,0,8348,1992,0,0
0,192,0,0,8349,1992,0,0
0,193,0,0,8350,1992,0,0
0,193,0,0,8351,1992,0,0
0,193,0,0,8352,1992,0,0
0,193,0,0,8353,1992,0,0
0,193,0,0,8354,1992,0,0
0,194,0,0,8355,1992,0,0
0,194,0,0,8356,1992,0,0
0,194,0,0,8357,1992,0,0
0,194,0,0,8358,1992,0,0
0,194,0,0,8359,1992,0,0
0,195,0,0,8360,1992,0,0
0,195,0,0,8361,1992,0,0
0,195,0,0,8362,1992,0,0
0,195,0,0,8363,1992,0,0
0,195,0,0,8364,1992,0,0
0,196,0,0,8365,1992,0,0
0,196,0,0,8366,1992,0,0
0,196,0,0,8367,1992,0,0
0,196,0,0,8368,1992,0,0
0,196,0,0,8369,1992,0,0
0,197,0,0,8370,1992,0,0
0,197,0,0,8371,1992,0,0
0,197,0,0,8372,1992,0,0
0,197,0,0,8373,1992,0,0
0,197,0,0,8374,1992,0,0
0,198,0,0,8375,1992,0,0
0,198,0,0,8376,1992,0,0
0,198,0,0,8377,1992,0,0
0,198,0,0,8378,1992,0,0
0,198,0,0,8379,1992,0,0
0,199,0,0,8380,1992,0,0
0,199,0,0,8381,1992,0,0
0,199,0,0,8382,1992,0,0
0,199,0,0,8383,1992,0,0
0,199,0,0,8384,1992,0,0
0,200,0,0,8385,1992,0,0
